-0.1820773070016628613736742e-26
0.6371222207201111149973339
-0.1617059761242996418179209e-26
-0.2137305077062226289674695
-0.5887840972403208832826063e-26
0.1299208804410007283359188
0.5799777969848397284235328e-28
-0.09470801610831419334166527
0.6523331092851482621132132e-27
0.07580789525269647481200964
-0.5740633924191084763371164e-26
-0.0644735904496789159329934
0.1834809889239915685340822e-26
0.0574194796237091618995045
0.7299031760157649052854822e-26
-0.5033775150079528762196987
-0.5153436417520335580214798e-27
-0.01908747472828417387231315
-0.9661448713470681503815075e-27
-1.053089710143176430031167
-0.8680628989949459414306126e-27
-0.5729453180861521569894824
-0.9676838148982226172882162e-27
-0.7734813117695768765160901
-0.9659398497141901916253557e-27
-0.4757234896711062564578148
-0.5001684922972211693854427e-27
-0.5419191527571221528248756
-0.7649847273927951340270054e-27
-0.2976075061139788763935719
-0.8772195089775891473762555e-27
-0.5464470917489574129860722
-0.3221396889717367909506809e-33
0.6313966812709321562623601
-0.123857726828805185287367e-32
-0.2063911603460987112028644
-0.6159642619057147982183217e-33
0.1117973038156155703602192
-0.1105627239218249778241507e-32
-0.07531180300275621866538257
-0.5384683733760818838466672e-33
0.04736644520112811439753682
-0.8754400917178984499521673e-33
-0.03516199994521041398226742
-0.4242744810497314364963964e-33
0.02115441749548065378931445
-0.605543831979167277649363e-33
-0.01602029279091505960545996
-0.2899286887244588425130849e-33
0.00851571342202643734888962
-0.3483425970070565437444333e-33
-0.0064328091231898775036659
-0.1617685167057511889339374e-33
0.002745127987690201479969801
-0.1550307042407239120463922e-33
-0.002064817278969001908226827
-0.6893684346518859968582848e-34
0.0005642264583154593948747248
-0.4567934553748820590107635e-34
-0.0004419165833231384005518704
