-0.1156656957752003541623652e-28
5.776152117861194566550382
-0.2176990557295403622097868e-26
-33.88972567204841268109612
0.7516568387012039146756578e-26
62.64187020228103654022158
-0.5339612002247821048564022e-26
-34.50714541164671483683409
0.2210991345238035182670101e-29
11.35877341640059103953064
-0.4297919587721870455502063e-27
-290.4564192413005652894601
0.9424935430674283627360688e-26
2922.169402548081861884543
-0.6728520164596605634302942e-25
-13761.78693550332959355007
0.2151708184630957690640656e-24
34018.69323087036848873317
-0.3429854385482106958105561e-24
-45522.65571118284703038623
0.2668945078672613785434875e-24
31210.3939157915545766305
-0.8085305056925134264786199e-25
-8591.138028094876381474406
0.4746973255609804146507464e-30
4.472181241296927550611105
-0.2419968027499945870070882e-28
-82.94577250752359989402967
0.3845303459706600914271862e-27
1173.400058403059400177975
-0.1166303436627049578242896e-26
-11132.4607819615432902793
-0.3061219103665659184572579e-25
72688.6052333803011370433
0.4145292820855049410859229e-24
-335324.9584268882184614389
-0.2550734628110397348591263e-23
1112431.089111267991545017
0.9454892177909148241506476e-23
-2677297.709232392325013428
-0.2286117909568388276698593e-22
4672216.896784860608729234
0.3697523267473329616292595e-22
-5844951.718970321530262378
-0.3974841505287148411265281e-22
5103260.344876086843150227
0.2728954911546116305887843e-22
-2950409.312446079477251474
-0.1083741856261797894841013e-22
1014334.488425536342919441
0.1895013119929146549666919e-23
-156911.2422198696329946475
