-0.6724475580599112190054284e-26
0.6386861319869657769872807
-0.2251552147195349017854421e-25
-0.218742715408961894322681
0.8153931074562187815068481e-26
0.1395348703173546363025186
0.2254307653205492267419977e-25
-0.4906433570102143223474063
-0.167357270645784341371449e-26
0.1498109264528946563132472
-0.6147732514458470781108317e-26
-0.8444222555171252202986501
-0.6247864074018981532688396e-26
-0.2968013304751485394805819
-0.5082189200900580066546566e-26
-0.5683336195260303801043745
0.2847823931122486058017329e-28
0.7067205911275223822104488
0.4792447250379082478590072e-28
-0.1246861036346054622568923
0.4733917419356434299665364e-28
0.1564067842186412725472693
0.323450602080382375165417e-28
-0.01254738375956809929940703
0.2602454917755398376805808e-28
0.05776185263144676461167046
0.1355331819434435901300919e-28
0.0005111871020351858306694095
0.7709779511319887304729397e-29
0.01355162136962338931893447
