0.711684233309280977125796e-27
12.45260715968772777913495
-0.1651597465478792104745389e-24
-341.1915287912150016460038
0.3677524874184955617165871e-23
3404.714226952999759938855
-0.2566173009811386222170252e-22
-15625.35500085529906605499
0.7918012111070764272232141e-22
37382.96941818785932538932
-0.1211098125678110138058575e-21
-48252.34192379196972439619
0.9018377305529644274480101e-22
31848.89618891231042206576
-0.2610471670746336859618423e-22
-8430.131067359506830506159
0.1990289035393987594503536e-28
19.80127905641139658281707
-0.3923557051299013786688126e-25
-1599.455197507762532522653
0.2720131501921149425692957e-23
52542.57028282748735900878
-0.7074611392338565679198352e-22
-854883.7455530168043005766
0.9548523251806875955150146e-21
8019932.882135721430074517
-0.7636342930388647480883974e-20
-47455819.80588333223264697
0.3884183178289912007668567e-19
186950383.8244229695698024
-0.1308843983493071745464428e-18
-505865249.9718968350795049
0.2983292010191462379832542e-18
953562141.8609551160850218
-0.461613708531681524917181e-18
-1250267259.160263996631863
0.4772911262744759323210722e-18
1117866436.106282868838806
-0.3154608592120816905325061e-18
-649890347.2861473849388531
0.1204478087456941060564432e-18
221436443.7814142365020807
-0.2020147423960606852883465e-19
-33552754.09360163521392485
-0.1161604147236158381083352e-31
4.520694451925001787698075
0.6275170139053478781781466e-30
-87.09131242265910025343808
-0.1174287516794515629025027e-28
1308.022588488426090253118
0.7170799292373673059683565e-28
-13457.69767898817989314823
0.5079619985715713959731988e-27
97260.01773591903659230511
-0.1156025863463529412453235e-25
-506665.598719107044398712
0.902401627593209846279381e-25
1937283.140025372988130378
-0.4126542394303494121617781e-24
-5493866.779043953666740303
0.1238595797565059012336421e-23
11590062.84668529306636579
-0.2541320871413343736459811e-23
-18098806.25607209240191677
0.3597385709321296189324078e-23
20609445.9921728444198357
-0.3461607950936519983809218e-23
-16614902.70067119802326029
0.2164510234038788260499808e-23
8977016.876290829284476
-0.7938061626208694629951752e-24
-2913946.920157861503399373
0.1296516361578546012869419e-24
429356.0569583435882695573
