0.1832496461887965915618966e-29
0.7491828749155843748269911
0.5775675282617007377540181e-29
-0.2503229670655582153157661
0.8550801569421369843198077e-29
0.1509508447417942445352646
0.2163496641673821256387684e-29
-0.1087150454398116776630282
-0.2693595711552286215968569e-29
0.08561502671444540414757013
0.1237392793294979735152237e-28
-0.07133497482474198659527265
-0.2490379284624105974792209e-29
0.06197434392217106719719716
-0.2047017492941317223928235e-28
-0.3512185252085183581775783
-0.7467777195384233350427672e-32
0.3816739289471633401682465
-0.1245205314984784982263524e-31
-0.4310911756382824375274135
-0.1259876900395988718808698e-31
-0.08668038539537474653829953
-0.8959230089658130476589005e-32
-0.215697420943082731525503
-0.7874736138265986713833274e-32
-0.06309788984805504486830679
-0.4208520439978521465394325e-32
-0.08847882970146427914669381
-0.3147637391364993024153996e-32
-0.01891316524950399523217438
-0.1048319249570998602115064e-32
-0.02115268143903521318009949
