0.4313984547138610364341154e-28
0.6388330365855579884184796
0.1441088752060505723880826e-27
-0.2191981880174845445728843
-0.5280691169600321165709671e-28
0.1403496120824455775478748
-0.1441677535759191534245457e-27
-0.5187653870139258358593355
-0.6862921895702347796939852e-30
0.3923581762928239700105738
0.1276352716362269300820764e-28
-0.5868419632291055151422234
-0.3936391345051336642476476e-28
-0.1293853825927299678551922
-0.5102024655144242370476565e-28
-0.5758228660009901508478433
0.1804002429727239972318125e-30
0.5013011908513590827753181
0.3553097686188948293388012e-30
-0.3341116671936302879461937
0.3336172563441310094247352e-30
-0.002158790671128755397708819
0.3034422106151245728836743e-30
-0.1831599195885324646849246
0.2625021773470423746999861e-30
-0.03776470941342320960692255
0.2193453174182106152852358e-30
-0.1128827345004433803382505
0.1733496226495928943449558e-30
-0.0320584991157352808795087
0.131390919378304469420467e-30
-0.06296307578640661756611522
0.9310546566407454963938793e-31
-0.01828534703059851001168142
0.6223358081346603538219623e-31
-0.02937042901268102081535772
0.381719425241519716910897e-31
-0.007303189187738894190521005
0.2121701469563712144128689e-31
-0.01049462089948135019990704
0.103250776898700879406372e-31
-0.001692994698131948680406809
0.4006495303312079514281854e-32
-0.002376382803309807098092632
