0.5002254620184875589228923e-28
0.6389315932562357169731418
0.1668457888046516458149695e-27
-0.2195040679958575572909696
-0.6160620204496155326118192e-28
0.1408978582437053484851207
-0.1668628750702444077676257e-27
-0.5391741470569799193255326
-0.4617307942737985254011371e-29
0.1110368577562493003619446
-0.8524993387341931366658667e-29
-0.8687753563447589903125851
-0.75137739689907674380332e-29
-0.4286799936026398715072805
-0.9009401807197084821184089e-29
-0.6347625141841637100623411
-0.9411391153084338126199362e-29
-0.3732873198657971027338125
-0.4206328240319475566032172e-29
-0.4572449162430868259403084
-0.7857016174374180041029985e-29
-0.2456967015537675424556924
-0.986975714956681428806909e-29
-0.5243614519100876697677249
0.4508722319504201792293117e-29
0.3726764719958412923426968
0.8691662925326847210934102e-29
-0.456457594315290009564239
0.8257221534125541672213017e-29
-0.1142534664618542407946894
0.7270001100839550044848005e-29
-0.2792560600162984867917962
0.6308117058439794227246585e-29
-0.1180764748954058591289673
0.5032551970135226560661104e-29
-0.1741209260878983030015508
0.3955847914984341970845324e-29
-0.07827863903069032265233562
0.2812622078806902208835802e-29
-0.09340477357023222461013582
0.1970302363074616794027946e-29
-0.0386502024439584501139621
0.1208999389000718901161766e-29
-0.04019797993375394738368226
0.7315499765898789049575714e-30
-0.01349989012722305466148921
0.3612002078600304882654871e-30
-0.01265028380986867137552418
0.176449622740921214154344e-30
-0.002671265396987419116165013
0.5647579192904074638089295e-31
-0.00233815971344515134386193
