0.2050338311279324655406609e-28
0.7502228040373980158405511
0.6910063077907465342813715e-28
-0.2537260830050864590926244
-0.2282367343297556033847715e-28
0.1577477886811911500762636
-0.7025040015241957811065124e-28
-0.4135372038860946599207373
-0.2642981717109335393171181e-30
0.5045077909376994823137738
-0.5273808812818224506397109e-30
-0.3214254520673946925483203
-0.4645580789854348541319914e-30
0.005399158454019951706078509
-0.4042417746079411041517671e-30
-0.1523905200770655086863455
-0.3026875474870977983308348e-30
-0.01962458120040756614273238
-0.2188784794208512118160992e-30
-0.06924033087604384464601111
-0.1286043654260788384761779e-30
-0.008926841169471544710173553
-0.7252985901195534205888401e-31
-0.02177380062430261657214576
