0.5356398107305489821888375e-29
10.64507563051808172319518
-0.1139790497612400384153044e-26
-255.31688427934480628899
0.2458932777696234785564432e-25
2444.100609092331335824181
-0.1690402947002316080283156e-24
-10990.99668312642658482279
0.5168413924820498160485531e-24
25979.83399348999043157694
-0.7853798349907840990083644e-24
-33266.34876372952893044827
0.581820558801224305408329e-24
21832.71310151658061767013
-0.167691673021752706984201e-24
-5754.364317016364780381443
-0.4420796799919599909768289e-32
3.228232666912303967219607
0.8008004426404418558558319e-31
-28.9245177750540689291919
-0.2475475392785064548569533e-30
177.3751348938728177090117
-0.1565760893560731467881777e-29
-646.9848184203672502394135
0.1080129171682807181823458e-28
1407.437028194553845806425
-0.2414461642780953473966403e-28
-1788.261387234387483993478
0.2361104814618416620637574e-28
1222.152422752355133314326
-0.8587831292485620548526606e-29
-346.56553269715293274275
