0.1832496461887965915618966e-29
1.294731472278359814815168
0.3645628150330615571195721e-28
-0.5345831305542655136435005
0.1104118085404547581799029e-28
0.4445716391330724622610744
-0.2042086258255195219026937e-28
-0.3886601443085141636211966
-0.2693595711552286215968569e-29
0.8736671038459275246502969
0.6568820572472593918160943e-28
-0.2666186374938261075849396
-0.4980758569248211949584417e-29
1.652771476522757701499102
-0.8188069971765268895712938e-28
-2.809748201668146865420627
-0.7467777195384233350427672e-32
0.5554261414812262400055423
-0.6653024250597242209325493e-32
-0.4139764546948679749036334
-0.9451131612594894163932984e-32
0.003596888612179065216788568
-0.9501419299359218022389361e-32
-0.3051990621900553733143925
-0.7874736138265986713833274e-32
-0.08389041681803966337641462
-0.6320402380815045726558521e-32
-0.1391313289039205678290389
-0.6295274782729986048307992e-32
0.008958064758124871791700442
-0.4193276998283994408460257e-32
-0.1692214515122817054407959
