0.2050338311279324655406609e-28
1.575233879609770284930176
0.1393510309314942315387884e-27
-0.822947743372555218337776
-0.2282367343297556033847715e-28
1.142569985134571619994002
-0.1405008003048391562213025e-27
-1.654148815544378639682949
-0.2642981717109335393171181e-30
0.6590475304386600414295326
-0.269487727082777216245159e-30
-0.3871381002279869441902363
-0.3359537135593560156558135e-30
0.1492789786601275927041792
-0.3707265903741797846713358e-30
-0.2655318777533158850872261
-0.3026875474870977983308348e-30
0.004298438847790100858826755
-0.2926972408177917395144303e-30
-0.1206269794131445998716751
-0.2572087308521576769523558e-30
0.05138783781932428744788883
-0.290119436047821368235536e-30
-0.1741904049944209325771661
