0.0027681102510541677
-0.02576892450451851
2.1254466275877348e-07
-0.0846051499247551
2.1120591497947316e-08
0.0004969064611941576
-0.02240832708775997
-1.15818956203384e-07
-0.004823850002139807
2.750733472112188e-07
0.039582300931215286
0.03199363872408867
-0.03748966008424759
-1.3716347666559159e-06
0.006600193213671446
0.0043781897984445095
0.06479714810848236
0.11175999045372009
0.03600157052278519
-0.07507521659135818
-0.038240090012550354
0.084357850253582
-0.05228700116276741
-0.011798889376223087
0.001301880576647818
0.032172296196222305
-0.017784304916858673
-0.09100858867168427
0.11318723857402802
-0.04163200408220291
0.008730247616767883
0.02969316951930523
-0.07050216943025589
-0.0034846977796405554
0.10977146774530411
-0.0017341182101517916
-5.9422941234288373e-08
0.029330389574170113
-7.855272876611252e-09
0.006732044741511345
-0.0037099954206496477
0.01602795720100403
-0.02788260579109192
0.026592537760734558
0.028474552556872368
-0.12734659016132355
0.04461684077978134
0.026328837499022484
2.1453859133657716e-08
-0.017045000568032265
-0.0035616811364889145
-0.04584126174449921
0.06387614458799362
0.015219827182590961
-0.038511455059051514
-0.01642783172428608
-0.016568928956985474
0.05605749413371086
-0.08030623197555542
-0.002664575120434165
-0.04171766713261604
0.12611272931098938
-0.0492369681596756
-0.013260920532047749
