0.3322794735431671
0.2907889783382416
0.324603796005249
0.34349918365478516
0.3011329770088196
0.30536651611328125
0.3041325807571411
0.35391199588775635
0.2861916124820709
0.36008918285369873
0.2970295250415802
0.3381309509277344
0.2565266788005829
0.327597439289093
0.3030412793159485
0.408485472202301
0.35192975401878357
0.4218100309371948
0.30548903346061707
0.2551087439060211
0.34254908561706543
0.3215310275554657
0.33659860491752625
0.27001896500587463
0.28492477536201477
0.39536288380622864
0.3165801763534546
0.3286184072494507
0.3515121638774872
0.39528435468673706
0.27676820755004883
0.36248594522476196
0.19878557324409485
0.27168747782707214
0.3355245888233185
0.279713898897171
0.25096043944358826
0.3831554353237152
0.32661592960357666
0.3262923061847687
0.3680945336818695
0.3400690257549286
0.3650788962841034
0.339102178812027
0.3071085214614868
0.32314833998680115
0.36914587020874023
0.24104151129722595
0.353626549243927
0.3188585340976715
0.3238150179386139
0.36105436086654663
0.3085933327674866
0.33088570833206177
0.3886173665523529
0.43619245290756226
0.45499518513679504
0.29621461033821106
0.307095468044281
0.3385501205921173
0.3316894471645355
0.3228250741958618
0.2393343597650528
0.31473255157470703
0.27382194995880127
0.32180824875831604
0.31982311606407166
0.3411492109298706
0.36105841398239136
0.28328537940979004
0.3035149872303009
0.3182903230190277
0.314626008272171
0.38902726769447327
0.2606840431690216
0.3479120433330536
0.3235756754875183
0.37089675664901733
0.25917357206344604
0.37415313720703125
0.25552794337272644
0.2965782880783081
0.3505190312862396
0.31651630997657776
0.28076764941215515
0.266033411026001
0.28174474835395813
0.479531854391098
0.3372209370136261
0.27231279015541077
0.29552003741264343
0.32245349884033203
0.24703411757946014
0.3160455822944641
0.35145309567451477
0.3131382167339325
0.33720555901527405
0.283730149269104
0.3540322482585907
0.28968870639801025
0.2490134984254837
0.301908940076828
0.31143108010292053
0.35100242495536804
0.30221062898635864
0.3617445230484009
0.28589797019958496
0.28311440348625183
0.32434535026550293
0.27686962485313416
0.33142513036727905
0.2394312024116516
0.2932487428188324
0.27881860733032227
0.2686193883419037
0.31940123438835144
0.35417449474334717
0.2682551443576813
0.29547029733657837
0.2924320697784424
0.35381296277046204
0.42561396956443787
0.3602980375289917
0.30126067996025085
0.2763158679008484
0.43541720509529114
0.3990577161312103
0.2693745493888855
