0.11297686398029327
0.041237328201532364
0.03354496508836746
0.12822842597961426
0.20837831497192383
0.0306845735758543
0.06056605279445648
0.07370543479919434
0.03130952641367912
0.040855877101421356
0.13757456839084625
0.03987279161810875
0.04366905242204666
0.028223523870110512
0.15882839262485504
0.028778525069355965
0.08365578949451447
0.07987450063228607
0.017730148509144783
0.18391358852386475
0.08838675916194916
0.30541202425956726
0.1512061357498169
0.039351899176836014
0.03735225275158882
0.09694090485572815
0.17187191545963287
0.06103713810443878
0.06067203730344772
0.15601420402526855
0.0447668731212616
0.1235525831580162
0.04639062657952309
0.10053123533725739
0.04975325986742973
0.048146869987249374
0.045006465166807175
0.1228988990187645
0.06231367215514183
0.038063108921051025
0.022906476631760597
0.12266118824481964
0.16562438011169434
0.10465133190155029
0.13160668313503265
0.18335819244384766
0.06224377825856209
0.12723442912101746
0.19290567934513092
0.04188837110996246
0.026284009218215942
0.26228922605514526
0.07119671255350113
0.1442372053861618
0.09370874613523483
0.09825874119997025
0.11628206819295883
0.1510952264070511
0.10087455064058304
0.03422529995441437
0.18543903529644012
0.06980545818805695
0.0630522072315216
0.03495907038450241
