0.28555887937545776
0.24251292645931244
0.3031853437423706
0.316842645406723
0.3011119067668915
0.34745359420776367
0.30756092071533203
0.31047600507736206
0.3645993173122406
0.3254915475845337
0.21947212517261505
0.3167312741279602
0.2674325704574585
0.310377299785614
0.3025667071342468
0.34434306621551514
0.29154667258262634
0.33787834644317627
0.2887323796749115
0.2996378540992737
0.35881760716438293
0.31642135977745056
0.2882086932659149
0.29174065589904785
0.34924790263175964
0.37490102648735046
0.3587050139904022
0.316625714302063
0.27555519342422485
0.29777348041534424
0.33637750148773193
0.28926604986190796
0.31064510345458984
0.2505890130996704
0.3460383415222168
0.3621155023574829
0.25702062249183655
0.36953556537628174
0.293525755405426
0.32855454087257385
0.32434260845184326
0.31881746649742126
0.3093385398387909
0.33136850595474243
0.3549802601337433
0.29780614376068115
0.273727148771286
0.302275687456131
0.31794798374176025
0.2831428050994873
0.3064619302749634
0.33897438645362854
0.30529412627220154
0.3099050521850586
0.30165109038352966
0.3471847176551819
0.30335643887519836
0.2934533953666687
0.33523720502853394
0.3676266074180603
0.31628575921058655
0.3403720557689667
0.3077734410762787
0.28192847967147827
0.3793971538543701
0.3082841634750366
0.2777959704399109
0.33633387088775635
0.22844386100769043
0.3258579671382904
0.27900058031082153
0.30722594261169434
0.2975200414657593
0.3847249150276184
0.3372044265270233
0.2252650409936905
0.282747745513916
0.37371647357940674
0.27958858013153076
0.34849807620048523
0.3878779113292694
0.3287825286388397
0.33403491973876953
0.33346134424209595
0.2755988538265228
0.3500312566757202
0.28966835141181946
0.27984562516212463
0.29073432087898254
0.32197412848472595
0.3823622167110443
0.3522447347640991
0.3278193175792694
0.3689325153827667
0.31471753120422363
0.360019326210022
0.3122934401035309
0.25185883045196533
0.23550990223884583
0.32111304998397827
0.32031625509262085
0.3344610631465912
0.2767519950866699
0.3340529501438141
0.3152541220188141
0.3175466060638428
0.22237783670425415
0.2955707311630249
0.32061031460762024
0.2657807767391205
0.36624059081077576
0.27152514457702637
0.3654744625091553
0.34271350502967834
0.28197211027145386
0.27539584040641785
0.46692708134651184
0.30901700258255005
0.3467712700366974
0.3144260048866272
0.32197046279907227
0.27654320001602173
0.33011043071746826
0.3218582272529602
0.3152155578136444
0.2812800407409668
0.24970854818820953
0.35140499472618103
0.32641589641571045
0.30138176679611206
0.2734256684780121
0.3521929383277893
0.3830820620059967
0.3027748465538025
0.294032484292984
0.2824699282646179
0.30991873145103455
0.2373380810022354
0.27053749561309814
0.41887059807777405
0.2984953820705414
0.3840719163417816
0.27539026737213135
0.30911290645599365
0.31694355607032776
0.2823769748210907
0.27491918206214905
0.349322110414505
0.4018496572971344
0.310824990272522
0.21762387454509735
0.2821343243122101
0.3198840320110321
0.33580970764160156
0.24683530628681183
0.3332352638244629
0.2875570058822632
0.2964421808719635
0.23854240775108337
0.34508511424064636
0.30811914801597595
0.27603328227996826
0.2533181309700012
0.2575761377811432
0.30918920040130615
0.2949673533439636
0.3088739812374115
0.3112623989582062
0.3475320041179657
0.3171553313732147
0.24742844700813293
0.3370702564716339
0.3450419008731842
0.3189180791378021
0.3149583339691162
0.3007861077785492
0.26942646503448486
0.3730292022228241
0.3235122561454773
0.2988300025463104
0.2811756432056427
0.32445740699768066
0.3630020022392273
0.2842702865600586
0.3532840311527252
0.3451312780380249
0.32435426115989685
0.3524497151374817
0.31179630756378174
0.3428819179534912
0.3214815855026245
0.27475154399871826
0.328726589679718
0.3655516505241394
0.2900558412075043
0.252259761095047
0.3283586800098419
0.252312570810318
0.3425661027431488
0.28514620661735535
0.29177647829055786
0.24968980252742767
0.5158682465553284
0.3026048541069031
0.2742726504802704
0.23794351518154144
0.35238537192344666
0.3393841087818146
0.22639702260494232
0.2652337849140167
0.3758581280708313
0.3776729106903076
0.24592052400112152
0.3046221137046814
0.3066919445991516
0.37747031450271606
0.29761600494384766
0.35523122549057007
0.26959723234176636
0.264911413192749
0.28716349601745605
0.29852163791656494
0.286704421043396
0.36755695939064026
0.34943142533302307
0.38228079676628113
0.324598491191864
0.3567104637622833
0.2662023603916168
0.33573290705680847
0.2935183346271515
0.2987068295478821
0.26642605662345886
0.3018949329853058
0.3174893856048584
0.24358364939689636
0.32743731141090393
0.27637848258018494
0.24661922454833984
0.28755509853363037
0.3059696853160858
0.31574365496635437
0.3328847885131836
0.2983861267566681
0.29608625173568726
0.33090201020240784
0.37289243936538696
0.32377681136131287
0.34906795620918274
0.33423730731010437
0.30365872383117676
0.35781553387641907
0.2848551273345947
0.28266090154647827
0.28087955713272095
0.3248792290687561
