-0.6534469127655029
0.9240238666534424
-1.3403102159500122
-0.7395285964012146
-0.5830006003379822
-1.6716642379760742
-0.33762258291244507
0.19126459956169128
-0.45650166273117065
-0.787721574306488
-0.37564989924430847
-0.2294587939977646
-1.7002793550491333
-0.6134987473487854
0.542233943939209
-0.10721749812364578
-0.23153455555438995
-0.3774733245372772
-1.8025721311569214
-0.7209737300872803
-0.028771456331014633
-1.2585138082504272
-1.814399003982544
0.05043339356780052
-0.07392602413892746
-1.5506395101547241
-1.5092072486877441
-1.0623127222061157
0.1706082969903946
0.15272901952266693
0.3983398973941803
-2.9065146446228027
-0.9069567322731018
-0.2982739508152008
-1.8403992652893066
-2.395594358444214
0.22411079704761505
-0.07596594840288162
-0.9524902701377869
-1.4632110595703125
0.7656568288803101
-0.3832119405269623
0.8590491414070129
-1.321067214012146
-1.259886384010315
-0.12195281684398651
-0.22297196090221405
0.5071019530296326
1.0262287855148315
-0.5968831181526184
-0.01044858805835247
-1.4012843370437622
-0.42669418454170227
-0.9978929162025452
-1.9458348751068115
0.19909508526325226
-0.8841074705123901
-0.8302116394042969
-0.30762767791748047
-2.075869560241699
-1.2645173072814941
0.26789870858192444
0.434909850358963
-1.256771206855774
