-0.17587584257125854
-0.21564744412899017
-0.20469482243061066
-0.16949491202831268
-0.1628270000219345
-0.14733797311782837
-0.21576303243637085
-0.2904743254184723
-0.11115427315235138
-0.21963246166706085
-0.10201023519039154
-0.15485215187072754
-0.19891682267189026
-0.044533126056194305
-0.15082910656929016
-0.1919824331998825
-0.2114219069480896
-0.16546858847141266
-0.18538501858711243
-0.17325472831726074
-0.12885019183158875
-0.23759320378303528
-0.19645890593528748
-0.19651198387145996
-0.1776028573513031
-0.17737802863121033
-0.1759812831878662
-0.15455199778079987
-0.16481202840805054
-0.25994330644607544
-0.17518335580825806
-0.2497970461845398
-0.1740850806236267
-0.24096930027008057
-0.24983809888362885
-0.29382163286209106
-0.14962226152420044
-0.15782123804092407
-0.18000656366348267
-0.1850975751876831
-0.1516208052635193
-0.13449320197105408
-0.27457553148269653
-0.12481638044118881
-0.2245510071516037
-0.253068745136261
-0.2398214340209961
-0.18587014079093933
-0.17390623688697815
-0.23932193219661713
-0.12141488492488861
-0.180344820022583
-0.2729227840900421
-0.26173752546310425
-0.1855359524488449
-0.23159010708332062
-0.23332592844963074
-0.18600814044475555
-0.2097175270318985
-0.06915624439716339
-0.19122980535030365
-0.20779141783714294
-0.10839434713125229
-0.2809889316558838
-0.13029000163078308
-0.16538751125335693
-0.21186503767967224
-0.36410996317863464
-0.2951100468635559
-0.23841246962547302
-0.16315534710884094
-0.1892295777797699
-0.17919500172138214
-0.20311319828033447
-0.17699643969535828
-0.2738149166107178
-0.33241042494773865
-0.17250415682792664
-0.17925605177879333
-0.26384422183036804
-0.22067543864250183
-0.16090956330299377
-0.15341822803020477
-0.14138159155845642
-0.2992100119590759
-0.14496253430843353
-0.18382740020751953
-0.17788755893707275
-0.14221370220184326
-0.2198379784822464
-0.1900254487991333
-0.15802507102489471
-0.16664937138557434
-0.24898013472557068
-0.15691347420215607
-0.17184755206108093
-0.1660003364086151
-0.19715216755867004
-0.22867393493652344
-0.23662851750850677
-0.22296740114688873
-0.15426747500896454
-0.20303472876548767
-0.14314846694469452
-0.1362561136484146
-0.20148777961730957
-0.18041816353797913
-0.20927219092845917
-0.29644274711608887
-0.19843626022338867
-0.2682569622993469
-0.22155429422855377
-0.21469533443450928
-0.34037891030311584
-0.26683416962623596
-0.1890384405851364
-0.17325155436992645
-0.22255335748195648
-0.17722748219966888
-0.1697952300310135
-0.10954713821411133
-0.21804001927375793
-0.11544977873563766
-0.16537554562091827
-0.1909627616405487
-0.35353681445121765
-0.3111766278743744
-0.21613191068172455
-0.14959365129470825
-0.16669104993343353
-0.2848626971244812
-0.2206851691007614
-0.15288689732551575
-0.18071892857551575
-0.21175293624401093
-0.18685737252235413
-0.1375615894794464
-0.17703445255756378
-0.18608634173870087
-0.1969059407711029
-0.174073725938797
-0.30105382204055786
-0.07871980220079422
-0.20173446834087372
-0.19467498362064362
-0.22466133534908295
-0.24587880074977875
-0.10576825588941574
-0.14007259905338287
-0.12128692120313644
-0.11986807733774185
-0.17595577239990234
-0.21564197540283203
-0.33072957396507263
-0.3515065610408783
-0.2366015762090683
-0.118474580347538
-0.2154560089111328
-0.1750914603471756
-0.18924710154533386
-0.33650127053260803
-0.15975633263587952
-0.2554462254047394
0.06441634148359299
-0.2856127917766571
-0.11979471892118454
-0.15832464396953583
-0.2296963334083557
-0.3351745307445526
-0.19868338108062744
-0.2686265707015991
-0.1631588190793991
-0.24614101648330688
-0.2900421917438507
-0.24283286929130554
-0.14490757882595062
-0.19002346694469452
-0.21493878960609436
-0.15412473678588867
-0.2917250692844391
-0.25037866830825806
-0.22127723693847656
-0.04626452922821045
-0.1547413319349289
-0.15105433762073517
-0.15266992151737213
-0.17348697781562805
-0.193142831325531
-0.198664128780365
-0.22387740015983582
-0.20855677127838135
-0.26880836486816406
-0.1845034658908844
-0.17972280085086823
-0.1832759976387024
-0.38803932070732117
-0.15390995144844055
-0.15526196360588074
-0.1567215472459793
-0.22375717759132385
-0.15111088752746582
-0.253951758146286
-0.28490927815437317
-0.18256013095378876
-0.26869088411331177
-0.23278886079788208
-0.21079669892787933
-0.24098308384418488
-0.1021939069032669
-0.15065838396549225
-0.19783957302570343
-0.1733756959438324
-0.22821862995624542
-0.09849192947149277
-0.18469318747520447
-0.17697358131408691
-0.15755729377269745
-0.1937289983034134
-0.16428324580192566
-0.2822015583515167
-0.1865571290254593
-0.2753589451313019
-0.22664357721805573
-0.216856449842453
-0.135228231549263
-0.21936434507369995
-0.10598824918270111
-0.21388541162014008
-0.13216909766197205
-0.18894696235656738
-0.213027685880661
-0.19125068187713623
-0.23640190064907074
-0.1402318775653839
-0.22284354269504547
-0.23542165756225586
-0.16319796442985535
-0.19045209884643555
-0.14282289147377014
-0.11774592101573944
-0.24188485741615295
-0.27334246039390564
-0.2963153123855591
-0.15999393165111542
-0.35582539439201355
-0.36726874113082886
-0.22005726397037506
-0.1505260169506073
-0.20842009782791138
-0.0869816392660141
-0.2051524817943573
-0.20695191621780396
-0.19860611855983734
-0.2299429476261139
-0.07451474666595459
-0.17649590969085693
-0.14115281403064728
-0.2180212438106537
-0.1449802666902542
-0.14264430105686188
-0.14524370431900024
-0.29158297181129456
-0.08709850162267685
-0.13585534691810608
-0.20029598474502563
-0.1124897226691246
-0.2588002383708954
-0.1987559050321579
-0.2028069645166397
-0.24434050917625427
-0.08636973053216934
-0.3415146470069885
-0.257930189371109
-0.2342853844165802
-0.35521504282951355
-0.18588878214359283
-0.11527581512928009
-0.17317183315753937
-0.17799122631549835
-0.19092313945293427
-0.2018018662929535
-0.18864001333713531
-0.2750753164291382
-0.15007933974266052
0.11652680486440659
-0.18907256424427032
-0.18447819352149963
-0.20367354154586792
-0.03393596038222313
-0.3463519513607025
-0.19563977420330048
-0.19620296359062195
-0.153652161359787
-0.19024856388568878
-0.14306452870368958
-0.3022039830684662
-0.17795301973819733
-0.19705210626125336
-0.2118159532546997
-0.09524726867675781
-0.1711437851190567
-0.24085459113121033
-0.21842943131923676
-0.2114219218492508
-0.20420295000076294
-0.056631892919540405
-0.06997190415859222
-0.2081107795238495
-0.18720072507858276
-0.207923024892807
-0.15395288169384003
-0.2265690267086029
-0.19808654487133026
-0.16785362362861633
-0.2021995633840561
-0.20103824138641357
-0.10514375567436218
-0.1704813688993454
-0.21392427384853363
0.039596058428287506
-0.10768338292837143
-0.2744934558868408
-0.2690407335758209
-0.26026782393455505
-0.28193390369415283
-0.19173452258110046
-0.19404634833335876
-0.29436492919921875
-0.18223541975021362
-0.29027312994003296
-0.10641553997993469
-0.2075725793838501
-0.2647528350353241
-0.30319759249687195
-0.287798136472702
-0.1578698456287384
-0.007105651311576366
-0.2141864001750946
-0.2021925151348114
-0.15160976350307465
-0.11234354972839355
0.024550074711441994
-0.09778308868408203
-0.13822545111179352
-0.17995774745941162
-0.32139816880226135
-0.2178918570280075
-0.13685865700244904
-0.0799683928489685
0.011651460081338882
-0.18385049700737
-0.19257554411888123
-0.1613972783088684
-0.2768634855747223
-0.19092541933059692
-0.21010832488536835
-0.2305159568786621
-0.20548029243946075
-0.20168478786945343
-0.2741453945636749
-0.10051927715539932
-0.3151712119579315
-0.11205530166625977
-0.1700473427772522
-0.13642650842666626
-0.21566534042358398
-0.26728925108909607
-0.15842698514461517
-0.1997375190258026
-0.17454537749290466
-0.18859268724918365
-0.2307334691286087
-0.20235608518123627
-0.3376013934612274
-0.22660192847251892
-0.2355174869298935
-0.21332606673240662
-0.23461730778217316
-0.2412341833114624
-0.23582693934440613
-0.12648287415504456
-0.2340628206729889
-0.18872813880443573
-0.1646350622177124
-0.1416780650615692
-0.1881895810365677
-0.10758455097675323
-0.3048301041126251
-0.11620904505252838
-0.16513849794864655
-0.20458444952964783
-0.18334504961967468
-0.31022319197654724
-0.17775198817253113
-0.1574791818857193
-0.2676028609275818
-0.17765115201473236
-0.15691885352134705
-0.1740501970052719
-0.1892494112253189
-0.30280041694641113
-0.14566564559936523
-0.2179228514432907
-0.22258144617080688
-0.16094639897346497
-0.14234843850135803
-0.26831117272377014
-0.29200810194015503
-0.1739829182624817
-0.20791639387607574
-0.19400912523269653
-0.267894983291626
-0.19727233052253723
-0.19511538743972778
-0.1664711833000183
-0.2286432534456253
-0.19026100635528564
-0.2667187750339508
-0.4010007977485657
-0.25501129031181335
-0.1816931515932083
-0.2025398463010788
-0.15891961753368378
-0.24760983884334564
-0.05733221396803856
-0.22031989693641663
-0.2083767056465149
-0.15868735313415527
-0.12119928747415543
-0.17947262525558472
-0.34494301676750183
-0.16622045636177063
-0.2523103952407837
-0.24350598454475403
-0.2877773940563202
-0.27972379326820374
-0.18973709642887115
-0.21134734153747559
-0.19429340958595276
-0.2050224095582962
-0.16936638951301575
-0.22426818311214447
-0.2986612617969513
-0.1327671855688095
-0.1427987962961197
-0.23990854620933533
-0.15927991271018982
-0.19985391199588776
-0.3225384056568146
-0.18595333397388458
-0.17631059885025024
-0.26907140016555786
-0.2097189873456955
-0.23955976963043213
-0.11396980285644531
-0.1897156536579132
-0.18697641789913177
-0.18285273015499115
-0.2614995539188385
-0.20734156668186188
-0.18580080568790436
-0.05975506827235222
-0.19148042798042297
-0.2182866781949997
-0.20878304541110992
-0.1741555631160736
-0.2714908719062805
-0.1999228596687317
-0.2116745114326477
-0.24923273921012878
-0.1717267632484436
-0.15660496056079865
-0.16692501306533813
-0.30146318674087524
-0.16851237416267395
-0.24337193369865417
-0.2296518236398697
-0.19469502568244934
-0.2860395312309265
-0.3287646472454071
-0.21969088912010193
-0.18619738519191742
-0.1755201816558838
-0.09867416322231293
-0.17562510073184967
-0.1303519308567047
-0.155537411570549
-0.16793400049209595
-0.2222391813993454
-0.2818871736526489
-0.2652433216571808
-0.09465105831623077
-0.24122555553913116
-0.27311667799949646
-0.2571602463722229
-0.26043084263801575
-0.29342544078826904
-0.2469950169324875
-0.18196392059326172
-0.2740074694156647
-0.13358698785305023
-0.16981250047683716
-0.19190147519111633
-0.17955990135669708
-0.23249688744544983
-0.13524702191352844
-0.10771655291318893
-0.21835608780384064
-0.15394003689289093
-0.20153602957725525
-0.324301540851593
-0.17133164405822754
