1.8419244289398193
1.830664873123169
1.7650439739227295
1.8287640810012817
1.9504846334457397
1.8026490211486816
1.9535599946975708
2.2789745330810547
1.7662159204483032
1.8902359008789062
1.7768479585647583
1.7749392986297607
1.9055222272872925
1.7328130006790161
1.8762141466140747
1.8211270570755005
1.7966560125350952
2.342822313308716
1.7985364198684692
1.7271214723587036
1.791494607925415
1.9512076377868652
1.892834186553955
1.9017481803894043
1.8784267902374268
1.9809472560882568
1.8569393157958984
1.7830454111099243
1.8911001682281494
1.8859425783157349
1.776434063911438
1.9832026958465576
1.838903546333313
1.7615619897842407
1.872802734375
1.875332236289978
1.9007779359817505
1.8208723068237305
1.7038642168045044
1.7377420663833618
1.7785567045211792
1.6943899393081665
1.7828712463378906
1.7815274000167847
1.7593923807144165
1.8427609205245972
1.9238184690475464
2.0870563983917236
1.898015022277832
1.8412991762161255
1.8470654487609863
1.8583561182022095
1.7640447616577148
1.8452868461608887
1.760567307472229
1.9503697156906128
1.9619704484939575
1.8754507303237915
1.9423961639404297
1.873090386390686
1.8674020767211914
1.9421932697296143
1.874983549118042
1.9207898378372192
1.746412754058838
1.8558307886123657
1.6538772583007812
2.0660488605499268
2.0297586917877197
1.9173974990844727
1.8971965312957764
1.758859634399414
1.7550700902938843
1.9559831619262695
1.7908506393432617
1.7970982789993286
1.7850736379623413
1.7733378410339355
1.806138277053833
1.7949010133743286
1.8168638944625854
1.8088752031326294
1.864093542098999
2.154163360595703
1.7738935947418213
1.7913333177566528
1.8022162914276123
1.715502381324768
1.7679182291030884
1.7704288959503174
1.6266406774520874
1.8644919395446777
1.9076188802719116
1.857551097869873
1.6924159526824951
1.8020228147506714
1.7099902629852295
1.7713474035263062
1.8572338819503784
1.7103255987167358
2.0664000511169434
1.9053679704666138
1.9421882629394531
1.8077585697174072
1.7411962747573853
1.6061428785324097
1.9104640483856201
1.8946648836135864
1.795413613319397
1.8989204168319702
1.823906421661377
1.761872410774231
1.7950835227966309
1.8148856163024902
1.8539146184921265
1.8501580953598022
1.709520697593689
2.1830568313598633
1.859895944595337
1.825197458267212
1.819331407546997
1.8460323810577393
1.7968195676803589
1.6228742599487305
1.844986081123352
1.8290449380874634
1.8706377744674683
1.9293156862258911
1.6880991458892822
1.972520351409912
1.8981311321258545
1.8925098180770874
1.8851195573806763
1.8445264101028442
1.9764281511306763
2.0673885345458984
1.8383744955062866
1.8414493799209595
1.8762437105178833
1.7930842638015747
1.7131454944610596
1.96441650390625
1.7854158878326416
1.9369230270385742
1.897213339805603
1.893970012664795
1.8700302839279175
1.796662449836731
1.877476692199707
1.9408973455429077
1.7391479015350342
1.7943716049194336
1.9677923917770386
1.7677671909332275
1.6851117610931396
1.9413902759552002
1.9662946462631226
1.9881682395935059
1.7914704084396362
1.8141189813613892
1.8324761390686035
2.1200456619262695
1.92557954788208
2.3591690063476562
2.0303990840911865
1.9594436883926392
1.733414649963379
1.9048488140106201
1.8221453428268433
1.7811003923416138
1.9084264039993286
1.8053467273712158
1.9171005487442017
1.9644219875335693
1.8255839347839355
1.643215298652649
1.9173139333724976
1.9093810319900513
1.9922795295715332
1.7962523698806763
1.9076893329620361
1.761856198310852
2.1723716259002686
1.7931350469589233
1.7564313411712646
1.8889354467391968
1.9832401275634766
1.913612723350525
1.8035428524017334
1.8418585062026978
1.8277966976165771
1.8057223558425903
1.9062583446502686
1.8645662069320679
1.7848044633865356
1.8230469226837158
1.798622965812683
1.7091479301452637
1.7723848819732666
1.7939316034317017
1.7611253261566162
1.932543158531189
2.0162031650543213
1.729540228843689
2.01957106590271
1.8875991106033325
1.8324575424194336
1.8224799633026123
1.7869751453399658
1.9160264730453491
1.7196927070617676
1.7169867753982544
1.9133155345916748
1.7769536972045898
1.9943383932113647
1.8388631343841553
1.8069982528686523
1.8515886068344116
1.7857017517089844
1.9647637605667114
1.9553135633468628
1.9231606721878052
1.8085905313491821
1.8113595247268677
1.7141141891479492
1.8057738542556763
1.8531724214553833
1.9255120754241943
1.7681519985198975
1.8314346075057983
1.8494863510131836
1.8295817375183105
1.827823281288147
1.8818913698196411
1.7697944641113281
1.78383469581604
1.7807223796844482
1.9973695278167725
1.6993504762649536
1.948276162147522
1.7792770862579346
1.8028744459152222
2.2210121154785156
1.6455281972885132
1.8357017040252686
2.1706461906433105
1.9203855991363525
1.7414202690124512
1.7809232473373413
1.8647512197494507
1.9145089387893677
1.8849291801452637
1.8345627784729004
1.9368265867233276
1.8169047832489014
2.230180025100708
1.8262009620666504
2.065089702606201
1.9888017177581787
1.8168727159500122
1.8461735248565674
1.9681340456008911
1.8083233833312988
1.8595480918884277
1.8539026975631714
1.769876480102539
1.9000657796859741
1.7285467386245728
1.7552683353424072
1.892440915107727
1.7828694581985474
1.9427672624588013
1.872420310974121
1.7227797508239746
2.054823637008667
1.773247241973877
1.8560608625411987
1.7698769569396973
1.9269417524337769
1.8170669078826904
2.407539129257202
1.7256566286087036
1.7818580865859985
1.724360466003418
1.8521080017089844
1.8301829099655151
1.8797423839569092
1.7617169618606567
1.965019702911377
1.9807324409484863
1.7102357149124146
1.748623251914978
1.8350378274917603
1.9918662309646606
1.8504811525344849
1.8999528884887695
1.826904535293579
1.9787235260009766
1.7634642124176025
1.6070733070373535
1.7997974157333374
1.9545207023620605
1.7347731590270996
1.7139896154403687
1.885144829750061
1.7980793714523315
1.9100301265716553
1.8315355777740479
1.7864383459091187
1.9164986610412598
1.8838932514190674
1.9017200469970703
1.9333947896957397
1.7404844760894775
1.7660932540893555
1.8015044927597046
1.9987196922302246
1.7621740102767944
1.9107095003128052
1.8443710803985596
1.712762475013733
1.8725546598434448
1.8529096841812134
1.9269684553146362
1.8769375085830688
1.7260946035385132
1.839320182800293
1.9075359106063843
1.7953269481658936
1.824615478515625
1.760533332824707
2.047017812728882
1.92207932472229
1.9204739332199097
1.8909715414047241
1.766608715057373
1.6800962686538696
1.8308299779891968
1.8844940662384033
1.8339183330535889
1.8237664699554443
1.7616407871246338
1.6113576889038086
1.8410546779632568
1.743720293045044
1.8423439264297485
1.9539705514907837
1.746498465538025
1.7741270065307617
1.8746408224105835
1.8855996131896973
1.7739554643630981
1.7603349685668945
1.7682408094406128
1.8396204710006714
1.6869257688522339
1.8080250024795532
1.883638620376587
1.8282994031906128
1.8340922594070435
1.8521785736083984
1.9748790264129639
1.8706765174865723
1.771899938583374
1.8993183374404907
1.8108240365982056
1.8479820489883423
1.8266711235046387
1.8731411695480347
1.957556128501892
1.834721565246582
1.9509488344192505
1.9640916585922241
1.7996692657470703
1.7652167081832886
1.9252790212631226
1.7126020193099976
1.7550792694091797
1.94265615940094
1.85590660572052
1.9162843227386475
1.7680740356445312
1.7802915573120117
1.8500165939331055
1.8535467386245728
1.8864604234695435
1.759878158569336
2.0692059993743896
1.8021351099014282
1.7077317237854004
1.8890283107757568
1.9457213878631592
1.8515592813491821
1.788223147392273
1.8356225490570068
1.8472086191177368
1.6707731485366821
1.7434738874435425
1.9080008268356323
1.9652597904205322
2.0400636196136475
1.893518090248108
1.8449872732162476
1.7535818815231323
1.7732774019241333
1.8134633302688599
1.8534311056137085
1.9367619752883911
1.7347863912582397
1.873796820640564
1.9632445573806763
1.9033111333847046
1.742211937904358
1.7842459678649902
1.8516128063201904
2.021754741668701
1.7043874263763428
1.8792967796325684
1.8654801845550537
1.851599097251892
1.8002111911773682
1.8686840534210205
1.846038818359375
1.7589454650878906
1.817399263381958
1.9829919338226318
1.903377652168274
2.1221532821655273
1.8460367918014526
1.920870304107666
1.8893027305603027
1.9421762228012085
1.8489340543746948
1.8395596742630005
1.995322823524475
2.086452007293701
1.8252742290496826
1.7699586153030396
1.8034603595733643
1.7534743547439575
1.8922609090805054
1.8620243072509766
1.862720251083374
1.7264078855514526
1.8140060901641846
1.9613300561904907
1.8811988830566406
1.872903823852539
2.0050153732299805
1.7091803550720215
1.7726150751113892
1.94096040725708
1.8380855321884155
1.8366187810897827
1.7276318073272705
1.8795831203460693
1.7547929286956787
1.953582525253296
1.8061524629592896
1.8883368968963623
2.027815580368042
1.8774679899215698
1.9445674419403076
1.8676122426986694
1.8422935009002686
1.779833436012268
1.9403175115585327
1.8375108242034912
2.0473434925079346
1.9507097005844116
1.8337409496307373
1.8184194564819336
1.7791333198547363
1.8992754220962524
1.8781001567840576
1.8690829277038574
1.8492701053619385
1.7622514963150024
1.9457504749298096
1.7564083337783813
1.744829535484314
1.8633404970169067
1.6862858533859253
1.8061600923538208
1.8702006340026855
2.00478458404541
1.8504441976547241
1.8963775634765625
1.948874592781067
1.8263587951660156
1.9019018411636353
1.8195927143096924
1.97123122215271
1.8969173431396484
1.8652061223983765
1.870859980583191
1.6983768939971924
1.8677115440368652
1.8846312761306763
1.925567865371704
1.86196768283844
1.6366462707519531
1.8433727025985718
1.7505542039871216
1.8438472747802734
1.578803300857544
1.931623101234436
1.9534841775894165
1.7878483533859253
1.735446572303772
2.09196400642395
1.9455828666687012
