0.01260687317699194
0.01279492024332285
0.012835967354476452
0.01378324069082737
0.012440952472388744
0.013147227466106415
0.014443834312260151
0.01615680195391178
0.012308146804571152
0.011640558019280434
0.011995079927146435
0.011215494945645332
0.012359523214399815
0.010052474215626717
0.012017225846648216
0.013941846787929535
0.013127198442816734
0.018412219360470772
0.012599327601492405
0.010841786861419678
0.012449482455849648
0.013411853462457657
0.013765042647719383
0.013620817102491856
0.012876537628471851
0.012920300476253033
0.012715925462543964
0.012022928334772587
0.014954114332795143
0.012627825140953064
0.012341991066932678
0.01274301391094923
0.012353037483990192
0.011137002147734165
0.012543552555143833
0.012324478477239609
0.014761908911168575
0.012765143066644669
0.01189007144421339
0.010633301921188831
0.01272088848054409
0.01085884403437376
0.01217337604612112
0.012395619414746761
0.013668624684214592
0.012909767217934132
0.012683458626270294
0.020786335691809654
0.01216445118188858
0.011581757105886936
0.012350860051810741
0.013041473925113678
0.010677030310034752
0.015027900226414204
0.011269837617874146
0.012413849122822285
0.0155449528247118
0.014290938153862953
0.013014699332416058
0.01188623160123825
0.01176390703767538
0.01704322174191475
0.01181007083505392
0.014154999516904354
0.011373454704880714
0.012750795111060143
0.01026282086968422
0.013853292912244797
0.0153734115883708
0.012051759287714958
0.013856964185833931
0.01110740378499031
0.011257228441536427
0.013424227014183998
0.011653833091259003
0.013275109231472015
0.012267122976481915
0.011631968431174755
0.01162407360970974
0.011820598505437374
0.011366312392055988
0.014051094651222229
0.011626919731497765
0.015670478343963623
0.010271734558045864
0.012228624895215034
0.013181900605559349
0.011979774571955204
0.011770250275731087
0.011469971388578415
0.009518644772469997
0.013395165093243122
0.012045704759657383
0.013805095106363297
0.011764738708734512
0.012711563147604465
0.011828185059130192
0.011465192772448063
0.012209298089146614
0.011312887072563171
0.012856156565248966
0.01277879998087883
0.012912341393530369
0.012170094065368176
0.011401125229895115
0.011912250891327858
0.014427799731492996
0.014182494953274727
0.013257738202810287
0.015466902405023575
0.011182274669408798
0.011008128523826599
0.011993149295449257
0.013008001260459423
0.01368146575987339
0.01336963102221489
0.011495701037347317
0.01663946732878685
0.011854682117700577
0.012462854385375977
0.012111010029911995
0.013034021481871605
0.012275660410523415
0.00998132023960352
0.012321432121098042
0.011814950034022331
0.012772603891789913
0.011726637370884418
0.01128128170967102
0.013317674398422241
0.01411247905343771
0.012648550793528557
0.010985534638166428
0.012150509282946587
0.015176806598901749
0.013746123760938644
0.012132860720157623
0.013572554104030132
0.012480704113841057
0.013561469502747059
0.010290606878697872
0.012487930245697498
0.011281772516667843
0.012459088116884232
0.013161678798496723
0.013990976847708225
0.012794059701263905
0.01523599587380886
0.011475102975964546
0.014152285642921925
0.011746236123144627
0.011560214683413506
0.014177189208567142
0.011815129779279232
0.01098502054810524
0.014292103238403797
0.013252041302621365
0.01366434246301651
0.012591598555445671
0.01100017037242651
0.01284764800220728
0.020357204601168633
0.012684100307524204
0.03087458573281765
0.016965648159384727
0.013805810362100601
0.010805285535752773
0.011597728356719017
0.012627024203538895
0.012272514402866364
0.012619862332940102
0.01165876816958189
0.012492179870605469
0.012681044638156891
0.012750750407576561
0.010843821801245213
0.014885458163917065
0.01368069089949131
0.012171235866844654
0.01167029794305563
0.013635450974106789
0.011769339442253113
0.018155992031097412
0.011138183996081352
0.012627539224922657
0.01502888835966587
0.015616214834153652
0.013908835127949715
0.011480148881673813
0.011302905157208443
0.012139437720179558
0.01175031065940857
0.015875788405537605
0.013656027615070343
0.010394076816737652
0.012945546768605709
0.012623672373592854
0.011956741102039814
0.013235429301857948
0.011264785192906857
0.011499647982418537
0.012634778395295143
0.015489050187170506
0.009592698886990547
0.014590095728635788
0.014662681147456169
0.01344684325158596
0.012775959447026253
0.012686390429735184
0.012836644425988197
0.010899198241531849
0.010743788443505764
0.011641709133982658
0.011800047941505909
0.014411392621695995
0.012817388400435448
0.011856643483042717
0.0117874750867486
0.010722706094384193
0.01449720561504364
0.013105769641697407
0.013414794579148293
0.013300720602273941
0.01267629861831665
0.011392361484467983
0.012345177121460438
0.012398868799209595
0.012311886064708233
0.013117846101522446
0.011824307031929493
0.012197141535580158
0.012423490174114704
0.012811949476599693
0.013887209817767143
0.011381233111023903
0.011886760592460632
0.010702822357416153
0.015482616610825062
0.012124569155275822
0.012822065502405167
0.011870221234858036
0.012033814564347267
0.01786627247929573
0.010216949507594109
0.01289297454059124
0.014659494161605835
0.01239344198256731
0.01138870045542717
0.011972470209002495
0.012732366099953651
0.013072063215076923
0.012994246557354927
0.012904285453259945
0.012870633974671364
0.011562183499336243
0.014854676090180874
0.012063594534993172
0.014229008927941322
0.01274930965155363
0.015884676948189735
0.013019190169870853
0.012125170789659023
0.01258270163089037
0.011957530863583088
0.013250087387859821
0.01086653582751751
0.013940539211034775
0.010750658810138702
0.012573784217238426
0.012343881651759148
0.010799561627209187
0.011532722041010857
0.01327418815344572
0.011348661035299301
0.014498349279165268
0.012249821797013283
0.012233838438987732
0.009902744553983212
0.011828074231743813
0.012082775123417377
0.015950921922922134
0.010767437517642975
0.011829979717731476
0.013225405476987362
0.011654984205961227
0.011856477707624435
0.01255052536725998
0.011889362707734108
0.012027190998196602
0.013007218949496746
0.01124921627342701
0.012833552435040474
0.013066286221146584
0.014390440657734871
0.013390363194048405
0.01161578856408596
0.013648520223796368
0.013627889566123486
0.012689173221588135
0.009673171676695347
0.013976228423416615
0.012583445757627487
0.011835013516247272
0.011999758891761303
0.014709279872477055
0.013959120959043503
0.012517927214503288
0.013495689257979393
0.012184279970824718
0.014348156750202179
0.012851852923631668
0.012957761995494366
0.013992265798151493
0.011662974953651428
0.010441715829074383
0.011392353102564812
0.013530179858207703
0.01219926867634058
0.0139250997453928
0.012102562002837658
0.010939923115074635
0.012330865487456322
0.014480814337730408
0.012432063929736614
0.011954824440181255
0.011360886506736279
0.01314113475382328
0.013357434421777725
0.010637939907610416
0.011367347091436386
0.011926482431590557
0.01586349867284298
0.0133041488006711
0.01221218891441822
0.013405166566371918
0.01174830924719572
0.01077976357191801
0.01156988088041544
0.013548492453992367
0.013191009871661663
0.011238410137593746
0.01135456096380949
0.011768868193030357
0.014075681567192078
0.010655209422111511
0.011557153426110744
0.012412547133862972
0.011455502361059189
0.01150504220277071
0.012523498386144638
0.011101387441158295
0.011558334343135357
0.011427738703787327
0.010822313837707043
0.011301422491669655
0.011806530877947807
0.012160168960690498
0.01246392261236906
0.011496251448988914
0.012547076679766178
0.01490242499858141
0.014602134935557842
0.012770217843353748
0.012263067066669464
0.014406184665858746
0.012328331358730793
0.01184956543147564
0.012650937773287296
0.01396473404020071
0.014678072184324265
0.01224389299750328
0.012105349451303482
0.012583543546497822
0.011940013617277145
0.010826876387000084
0.013150754384696484
0.011508605442941189
0.011410188861191273
0.013750147074460983
0.012897406704723835
0.014835193753242493
0.01227639801800251
0.011962145566940308
0.012476171366870403
0.013448912650346756
0.013317843899130821
0.01255679503083229
0.016294145956635475
0.012615424580872059
0.011391322128474712
0.010025331750512123
0.013622574508190155
0.012698730453848839
0.01106822770088911
0.013502438552677631
0.012616434134542942
0.011090464890003204
0.01245000772178173
0.013261600397527218
0.012724473141133785
0.016779489815235138
0.013447110541164875
0.01173250749707222
0.01277176383882761
0.013857650570571423
0.01299566961824894
0.013405347242951393
0.012328744865953922
0.012411137111485004
0.012494679540395737
0.013410474173724651
0.011525876820087433
0.01110098510980606
0.011718617752194405
0.012455093674361706
0.013590587303042412
0.01096300594508648
0.01234283484518528
0.011039432138204575
0.012517942115664482
0.011693261563777924
0.011698600836098194
0.01352559495717287
0.0122574707493186
0.012567193247377872
0.014975585974752903
0.012527926824986935
0.013554420322179794
0.011318248696625233
0.012526177801191807
0.012288282625377178
0.013581251725554466
0.011964179575443268
0.012445084750652313
0.014404130168259144
0.016388263553380966
0.012757270596921444
0.012317241169512272
0.011434976011514664
0.01172569114714861
0.013039099983870983
0.012119286693632603
0.013857930898666382
0.011200668290257454
0.012956242077052593
0.012951458804309368
0.012869221158325672
0.01262943260371685
0.016021981835365295
0.011350594460964203
0.011411341838538647
0.014285625889897346
0.012236908078193665
0.012990940362215042
0.012030617333948612
0.011916302144527435
0.01064200047403574
0.013660763390362263
0.013932525180280209
0.012715478427708149
0.014832144603133202
0.011984226293861866
0.012629850767552853
0.011473371647298336
0.013744600117206573
0.011392583139240742
0.011939293704926968
0.013160252943634987
0.013901080936193466
0.012580635957419872
0.011312688700854778
0.01075511984527111
0.011583870276808739
0.012514178641140461
0.012153039686381817
0.01304690632969141
0.011248806491494179
0.01190301775932312
0.01236745622009039
0.011337813921272755
0.012559095397591591
0.011869078502058983
0.01210545003414154
0.010223349556326866
0.015068205073475838
0.013862164691090584
0.010990654118359089
0.01248597539961338
0.01265090424567461
0.010860295966267586
0.013252213597297668
0.015013912692666054
0.01257648691534996
0.012565077282488346
0.012201530858874321
0.014279179275035858
0.010337396524846554
0.01389948558062315
0.013157895766198635
0.012282426469027996
0.014693529345095158
0.01089070551097393
0.014762087725102901
0.010858546011149883
0.010719860903918743
0.011242528446018696
0.015002493746578693
0.012771796435117722
0.011317405849695206
0.012571093626320362
0.016187697649002075
0.013515966944396496
