-0.13321439921855927
-0.06444424390792847
-0.3238752484321594
-0.239039346575737
-0.32622021436691284
-0.17955940961837769
-0.20865920186042786
-0.32083597779273987
-0.18744206428527832
-0.29880473017692566
-0.20993672311306
-0.22828823328018188
-0.21407808363437653
-0.24596604704856873
-0.2767961919307709
-0.1350780427455902
-0.24983294308185577
-0.23929010331630707
-0.12232378125190735
-0.4590286314487457
-0.21721002459526062
-0.12196600437164307
-0.21013368666172028
-0.1779118776321411
-0.24261866509914398
-0.154621884226799
-0.15492457151412964
-0.371626079082489
-0.2816716134548187
-0.3886089622974396
-0.154490128159523
-0.0686773881316185
-0.341200590133667
-0.22608228027820587
-0.19612914323806763
-0.224238321185112
-0.29838693141937256
-0.1380978226661682
-0.22511513531208038
-0.16575179994106293
-0.45337435603141785
-0.32257315516471863
-0.09773553907871246
-0.13486699759960175
-0.2619473934173584
-0.1428082287311554
-0.3960496783256531
-0.16334450244903564
-0.2100915163755417
-0.11609252542257309
-0.14481934905052185
-0.5501542091369629
-0.21787479519844055
-0.1245792955160141
0.050221145153045654
-0.19021767377853394
-0.1046522855758667
-0.09997183084487915
-0.14106497168540955
-0.3124442398548126
-0.2190409004688263
-0.306164413690567
-0.12467129528522491
-0.15566307306289673
-0.2973213195800781
-0.38246095180511475
-0.19510042667388916
-0.13809171319007874
-0.576051652431488
-0.38794445991516113
-0.2807534635066986
-0.2541980743408203
-0.3470194339752197
-0.24601981043815613
-0.10905338078737259
-0.05616825073957443
-0.18328426778316498
-0.4956303536891937
-0.3059022128582001
-0.09878157079219818
-0.22545559704303741
-0.19582431018352509
-0.13200700283050537
-0.1737876981496811
-0.22872821986675262
-0.19255784153938293
-0.09240380674600601
-0.342682421207428
-0.5489224791526794
-0.24308088421821594
-0.19351260364055634
-0.1641416996717453
-0.2502906024456024
-0.32735514640808105
-0.4007759988307953
-0.2823619544506073
-0.26938241720199585
-0.193880096077919
-0.24127177894115448
-0.03090483322739601
-0.0880148708820343
-0.34213051199913025
-0.31044867634773254
-0.11015699803829193
-0.15394875407218933
-0.12332474440336227
-0.17803290486335754
-0.2715055048465729
-0.20046041905879974
-0.18458206951618195
-0.28428733348846436
-0.11168486624956131
-0.1816326528787613
-0.2119104266166687
-0.33043888211250305
-0.22667066752910614
-0.14132243394851685
-0.33763742446899414
-0.2674277424812317
-0.2524072527885437
-0.2553795874118805
-0.47351688146591187
-0.23419426381587982
-0.21303802728652954
-0.32816797494888306
-0.19661347568035126
-0.10632112622261047
-0.26146265864372253
-0.42337116599082947
-0.137416273355484
-0.0810621976852417
-0.30694347620010376
-0.1538172960281372
-0.14529457688331604
-0.16122813522815704
-0.1630689650774002
-0.3758501708507538
-0.2608153820037842
-0.2382497936487198
-0.24991068243980408
-0.1484689563512802
-0.14872561395168304
-0.4328191578388214
-0.13765835762023926
-0.27810075879096985
-0.22594626247882843
-0.20720328390598297
-0.4165029227733612
-0.3582112491130829
-0.13822446763515472
-0.35983288288116455
-0.2672208845615387
-0.20898176729679108
-0.01771523617208004
-0.12790603935718536
-0.2812100052833557
-0.36207738518714905
0.047601599246263504
-0.2232317179441452
-0.1271531581878662
-0.3237139880657196
-0.30084267258644104
-0.11189645528793335
-0.08394568413496017
-0.24263502657413483
-0.2000085860490799
-0.1872909516096115
-0.4684922993183136
-0.1999758630990982
-0.3462226390838623
-0.0705595314502716
-0.1973467320203781
-0.3547947406768799
-0.19749127328395844
-0.35374096035957336
-0.354627788066864
-0.14328090846538544
-0.20522470772266388
-0.272155225276947
-0.15275613963603973
-0.2797671854496002
-0.19450786709785461
-0.247417151927948
-0.4910159409046173
0.13220734894275665
-0.23783372342586517
-0.5165593028068542
-0.3959064781665802
-0.2353765368461609
-0.12661686539649963
-0.08098544925451279
-0.4132084846496582
-0.5575665831565857
-0.22378702461719513
-0.15634961426258087
-0.39503639936447144
-0.328336626291275
-0.08462941646575928
-0.3103104829788208
-0.31297117471694946
-0.1497759371995926
-0.13964402675628662
-0.09723423421382904
-0.16195650398731232
-0.1631416380405426
-0.6364061236381531
-0.13502977788448334
-0.23450900614261627
-0.10485285520553589
-0.16249887645244598
-0.28779542446136475
-0.24502407014369965
-0.1468496173620224
-0.20347321033477783
-0.5357710719108582
-0.1682957112789154
-0.5523959398269653
-0.25113481283187866
-0.12298356741666794
-0.23047783970832825
-0.19251413643360138
-0.3759492039680481
-0.101441390812397
-0.16966280341148376
-0.40024933218955994
-0.29798421263694763
-0.30346015095710754
-0.15628114342689514
-0.46596208214759827
-0.11553718149662018
-0.16648556292057037
-0.3382008671760559
-0.293533593416214
-0.31215694546699524
-0.3014926314353943
-0.3260605037212372
-0.2541990578174591
-0.20371504127979279
-0.095476895570755
-0.20696218311786652
-0.4370456039905548
-0.2050599604845047
-0.42046499252319336
-0.31245648860931396
-0.48453453183174133
-0.3527652323246002
-0.26241251826286316
-0.2894209623336792
-0.39760905504226685
-0.21065954864025116
-0.17905062437057495
-0.10752850025892258
-0.12129619717597961
-0.30216485261917114
0.05157862603664398
-0.19275371730327606
