-0.21128259599208832
0.13591082394123077
0.00387196964584291
0.08862151205539703
-0.05459293723106384
-0.2715699374675751
0.25205716490745544
-0.20346632599830627
0.030308866873383522
-0.14644770324230194
-0.26399821043014526
-0.44363129138946533
-0.3814810812473297
-0.14632757008075714
0.05729006603360176
-0.2119840681552887
-0.06647977232933044
0.24378058314323425
0.08315706253051758
0.003993604332208633
-0.21359606087207794
-0.1755048930644989
-0.7200573682785034
-0.22334067523479462
0.10465618222951889
0.14667244255542755
-0.3165394365787506
-0.20096498727798462
0.25689104199409485
-0.814085066318512
-0.0867203027009964
-0.08748060464859009
-0.9793920516967773
-0.21966208517551422
-0.056762274354696274
-0.3848409950733185
0.2579438090324402
0.17345364391803741
-0.05280730873346329
0.3276284635066986
-0.43804964423179626
0.18946106731891632
-0.13156579434871674
-0.3100939691066742
-0.28619012236595154
-0.01666085794568062
-0.22161853313446045
-0.19301652908325195
0.04537229612469673
-0.3049006462097168
0.1863408386707306
-0.5460607409477234
0.046079132705926895
0.1899104118347168
-0.03532405570149422
-0.24154819548130035
0.08130525052547455
0.4787970781326294
0.05192983150482178
0.043840717524290085
0.13790619373321533
-0.40356406569480896
-0.12314971536397934
0.055124372243881226
-0.06630485504865646
0.16991229355335236
-0.3095451295375824
-0.10801640152931213
-0.1431395262479782
0.23385228216648102
-0.2893156409263611
0.3512715697288513
0.1892794519662857
-0.07887271046638489
-0.5882448554039001
-0.13650846481323242
-0.2919180989265442
0.28693389892578125
0.3084785044193268
-0.1095995157957077
0.3905060291290283
-0.26297053694725037
-0.21499668061733246
-0.19661206007003784
-0.25791770219802856
-0.09039071947336197
0.05063961446285248
-0.027527375146746635
0.4066716432571411
0.09696098417043686
-0.3975725769996643
0.21763402223587036
0.25848332047462463
0.10777642577886581
-0.2607117295265198
-0.11259236186742783
-0.20010189712047577
-0.43996089696884155
-0.1181153729557991
0.2168096899986267
-0.12901639938354492
-0.143399178981781
0.24980971217155457
-0.28112491965293884
-0.27682605385780334
-0.520891547203064
0.1785353273153305
0.11607051640748978
-0.18055689334869385
-0.14477816224098206
-0.0703987181186676
-0.3591381907463074
-0.4581364393234253
-0.11165723949670792
-0.1916075050830841
0.7261314988136292
-0.23815377056598663
0.0126288291066885
0.074889175593853
-0.009664511308073997
0.047987356781959534
0.9939939379692078
0.06336776167154312
0.06289838999509811
-0.7953954339027405
-0.16119715571403503
1.3039840459823608
-0.28794577717781067
