0.04808130860328674
0.05706297978758812
0.06189938634634018
0.03185463324189186
0.0895761251449585
0.05376226827502251
0.06058254465460777
0.10258616507053375
0.04450388252735138
0.10447538644075394
0.04765981808304787
0.07511170953512192
0.031221987679600716
0.050009310245513916
0.04528350010514259
0.05105132237076759
0.08457867056131363
0.079215407371521
0.1994706243276596
0.05902475863695145
0.05552105978131294
0.08771202713251114
0.054513972252607346
0.08245017379522324
0.051070138812065125
0.10458965599536896
0.06017247587442398
0.04665046185255051
0.05754817649722099
0.066725954413414
0.09731108695268631
0.09299149364233017
0.06006268411874771
0.07021397352218628
0.06929430365562439
0.034683384001255035
0.10591213405132294
0.040416374802589417
0.0449477843940258
0.24039018154144287
0.19955629110336304
0.18499527871608734
0.033682070672512054
0.049144431948661804
0.032698385417461395
0.09760437160730362
0.03978053107857704
0.09989681094884872
0.08785589784383774
0.0752771645784378
0.03678622841835022
0.06386987119913101
0.11587019264698029
0.048716526478528976
0.1282046139240265
0.061421897262334824
0.05413604900240898
0.033325377851724625
0.090838223695755
0.07260245084762573
0.04898187145590782
0.0751073807477951
0.06459775567054749
0.06936760991811752
0.14468538761138916
0.11105379462242126
0.1868358999490738
0.0648355707526207
0.06388978660106659
0.053752269595861435
0.06366264075040817
0.05887210741639137
0.06429215520620346
0.10662573575973511
0.13629674911499023
0.08454294502735138
0.06703223288059235
0.10069189965724945
0.0360633060336113
0.07407224178314209
0.0437166765332222
0.07761727273464203
0.07211410254240036
0.06845912337303162
0.06115246191620827
0.060784466564655304
0.06884095072746277
0.10667356103658676
0.060960330069065094
0.07972895354032516
0.03854750841856003
0.05747605115175247
0.05116908252239227
0.06716258078813553
0.022884957492351532
0.08975909650325775
0.07291771471500397
0.04483853280544281
0.03792386129498482
0.2439553141593933
0.07686816155910492
0.08784110844135284
0.05220549926161766
0.05406041815876961
0.02253677137196064
0.07413502782583237
0.13029681146144867
0.057613082230091095
0.08356251567602158
0.04987923800945282
0.052438344806432724
0.16356953978538513
0.08708571642637253
0.0577021986246109
0.04975346848368645
0.11132442206144333
0.0678507462143898
0.0682598426938057
0.046536847949028015
0.05045671388506889
0.1792439967393875
0.0841948390007019
0.04139821603894234
0.09714608639478683
0.04699423909187317
0.05752674862742424
0.049031686037778854
0.04547681659460068
