-0.23230235278606415
-0.20093481242656708
-0.12297242879867554
-0.1101892963051796
-0.09445244073867798
-0.10727277398109436
-0.135740265250206
-0.19538313150405884
-0.1825568974018097
-0.1890052855014801
-0.14320537447929382
-0.1667124181985855
-0.1086370199918747
-0.1213444173336029
-0.16136249899864197
-0.11085242033004761
-0.17941176891326904
-0.18528763949871063
-0.1421036422252655
-0.1548691838979721
-0.1322166621685028
-0.1870405673980713
-0.17297208309173584
-0.10422243177890778
-0.15466947853565216
-0.16791898012161255
-0.18460893630981445
-0.15679800510406494
-0.13401249051094055
-0.07855074852705002
-0.16636452078819275
-0.14814047515392303
-0.15380311012268066
-0.14754407107830048
-0.1475515067577362
-0.14089034497737885
-0.24022331833839417
-0.07072620093822479
-0.05152145028114319
-0.10517615079879761
-0.15353630483150482
-0.2513973116874695
-0.19627927243709564
-0.13182783126831055
-0.13894160091876984
-0.17264916002750397
-0.20685435831546783
-0.17942006886005402
-0.07091078162193298
-0.18512849509716034
-0.1336832046508789
-0.09825225919485092
-0.14625559747219086
-0.16850964725017548
-0.1354660540819168
-0.16032512485980988
-0.10075092315673828
-0.1787496954202652
-0.21799133718013763
-0.14596644043922424
-0.19480478763580322
-0.13479609787464142
-0.20197172462940216
-0.19708289206027985
-0.18796850740909576
-0.0911000594496727
-0.1778194159269333
-0.19451932609081268
-0.07900148630142212
-0.2137669324874878
-0.10803160816431046
-0.1863280087709427
-0.14869439601898193
-0.1819697618484497
-0.10898853093385696
-0.1556021124124527
-0.18343350291252136
-0.13252666592597961
-0.19030722975730896
-0.12865987420082092
-0.14144845306873322
-0.0978243499994278
-0.09613855183124542
-0.10617901384830475
-0.1628030389547348
-0.15493269264698029
-0.1931159943342209
-0.10799004137516022
-0.1672862321138382
0.01597362942993641
-0.10610314458608627
-0.08203502744436264
-0.173039510846138
-0.14980536699295044
-0.14511457085609436
-0.1533229649066925
-0.06214858219027519
-0.14453080296516418
-0.09181845933198929
-0.1844414621591568
-0.2000630646944046
-0.19599203765392303
-0.2815859615802765
-0.10501875728368759
-0.08271390199661255
-0.09670794010162354
-0.19066375494003296
-0.2044791728258133
-0.142457976937294
-0.1721932590007782
-0.18563097715377808
-0.14808712899684906
-0.05000228062272072
-0.19637088477611542
-0.25293612480163574
-0.13051630556583405
-0.18325550854206085
-0.10099556297063828
-0.16782407462596893
-0.09041354805231094
-0.142094224691391
-0.18288756906986237
-0.1482793092727661
-0.1603570431470871
-0.20436236262321472
-0.24699218571186066
-0.2574372887611389
0.041142892092466354
-0.10458139330148697
-0.09869019687175751
-0.15574419498443604
-0.156296968460083
-0.11900888383388519
-0.05365762487053871
-0.10044442117214203
-0.1289479285478592
-0.1472223401069641
-0.1176883652806282
-0.10008164495229721
-0.1697491854429245
-0.11821623891592026
-0.1077791079878807
-0.09816034883260727
-0.08479228615760803
-0.11591140180826187
-0.21296250820159912
-0.18357758224010468
-0.1310228854417801
-0.1298302412033081
-0.10680913180112839
-0.16652816534042358
-0.18004266917705536
-0.19075660407543182
-0.1894262731075287
-0.1792871057987213
-0.12477841228246689
-0.15835079550743103
-0.012211361899971962
-0.11052387952804565
-0.055823951959609985
-0.1280805468559265
-0.09000491350889206
-0.1076907068490982
-0.03622443974018097
-0.180773064494133
-0.16838696599006653
-0.18974289298057556
-0.1343596875667572
-0.1439463049173355
-0.10509668290615082
-0.18751657009124756
-0.1760321855545044
-0.06016256660223007
-0.1801084727048874
-0.14966492354869843
-0.09292100369930267
-0.16815806925296783
-0.11241995543241501
-0.2335183322429657
-0.1391732394695282
-0.1583722084760666
-0.14893776178359985
-0.0831206887960434
-0.1164645329117775
-0.11174937337636948
-0.14848341047763824
-0.22552844882011414
-0.09497757256031036
-0.32078415155410767
-0.15788568556308746
-0.25682127475738525
-0.09625802934169769
-0.15397270023822784
-0.0997774600982666
-0.13616828620433807
-0.21349568665027618
-0.20373162627220154
-0.13570383191108704
-0.12127025425434113
-0.11017737537622452
-0.1943916231393814
-0.18463334441184998
-0.14572590589523315
-0.11999520659446716
-0.15146523714065552
-0.12404754757881165
-0.15073992311954498
-0.14587895572185516
-0.18382775783538818
-0.013827744871377945
-0.15943801403045654
-0.18935900926589966
-0.19163230061531067
-0.09718126058578491
-0.1900133490562439
-0.062309734523296356
-0.10205783694982529
-0.09989526867866516
-0.2354423701763153
-0.20598970353603363
-0.1586817502975464
-0.0965428426861763
-0.04402127489447594
-0.14504142105579376
-0.24331185221672058
-0.13662995398044586
-0.14347310364246368
-0.12343388050794601
-0.09957633167505264
-0.18554376065731049
-0.12590888142585754
-0.17128558456897736
-0.20714758336544037
0.36745598912239075
-0.18304698169231415
-0.08249634504318237
-0.15924830734729767
0.4766775965690613
-0.17763197422027588
-0.2842099666595459
-0.17354801297187805
-0.25868895649909973
-0.09180736541748047
-0.07021056115627289
-0.19166818261146545
-0.23159225285053253
-0.14249148964881897
-0.20093141496181488
-0.16245914995670319
-0.05056685581803322
-0.17468707263469696
-0.1638205349445343
-0.08413074910640717
-0.05489497631788254
-0.1515512764453888
-0.23595936596393585
-0.11719091236591339
-0.10922202467918396
-0.0037861180026084185
-0.16792811453342438
-0.12204629182815552
-0.06456016004085541
-0.17825883626937866
-0.15150538086891174
-0.05118704214692116
-0.0917951911687851
-0.08158525079488754
-0.14207209646701813
-0.13593721389770508
0.008302551694214344
-0.24844598770141602
-0.18844826519489288
-0.07359181344509125
-0.11389381438493729
-0.2213219702243805
-0.17796549201011658
-0.19290974736213684
-0.17025889456272125
-0.13344687223434448
-0.20955221354961395
-0.185317724943161
-0.11658298224210739
-0.14381763339042664
-0.18807768821716309
0.1436486393213272
-0.06861230731010437
-0.1420915573835373
-0.13350237905979156
-0.15244732797145844
-0.23218916356563568
-0.24058423936367035
-0.08705594390630722
-0.13966265320777893
-0.14804840087890625
-0.15117502212524414
-0.12618042528629303
-0.1243971660733223
-0.11728360503911972
-0.12911824882030487
-0.13261236250400543
-0.1113366112112999
-0.20798359811306
-0.13291068375110626
-0.14975479245185852
-0.14694277942180634
-0.17149274051189423
-0.10896754264831543
-0.13832363486289978
-0.047026317566633224
-0.14540286362171173
-0.1737104207277298
-0.2442585527896881
-0.13017715513706207
-0.08299938589334488
-0.10784243792295456
-0.13377608358860016
-0.14512008428573608
-0.12784340977668762
-0.19473637640476227
-0.08765450865030289
-0.1287594735622406
-0.11510789394378662
-0.18091164529323578
-0.10676521807909012
-0.1796562224626541
-0.15987324714660645
-0.1411305069923401
-0.21044526994228363
-0.1189248338341713
-0.15476475656032562
-0.17691022157669067
-0.21516640484333038
-0.25488370656967163
-0.19770197570323944
-0.13845057785511017
-0.2339019924402237
-0.2481231838464737
-0.09779888391494751
-0.09788941591978073
-0.06974835693836212
-0.12572462856769562
-0.09270340949296951
-0.1224350556731224
-0.19858449697494507
-0.1570499688386917
-0.18453000485897064
-0.19436423480510712
-0.14066873490810394
-0.13150857388973236
-0.16568683087825775
-0.18229177594184875
-0.19726286828517914
-0.13096335530281067
-0.15418365597724915
-0.12804318964481354
-0.057009726762771606
-0.1537618488073349
-0.11522655934095383
-0.14962138235569
-0.04769784212112427
-0.15150588750839233
-0.11209598183631897
-0.16672378778457642
-0.16505861282348633
-0.04146025329828262
-0.12991510331630707
-0.16877520084381104
-0.11430007219314575
-0.05638083815574646
-0.07918635755777359
-0.21402674913406372
-0.1534663289785385
-0.3086622357368469
-0.19266024231910706
-0.11682574450969696
-0.17044974863529205
-0.13623729348182678
-0.15379470586776733
-0.08035378158092499
-0.15258002281188965
-0.11246074736118317
-0.14377908408641815
-0.05654032155871391
-0.0918537825345993
-0.14299893379211426
-0.11726111173629761
-0.22151312232017517
-0.16243822872638702
-0.22767497599124908
-0.11648517847061157
-0.1816478669643402
-0.0898754820227623
-0.05362836644053459
-0.14433224499225616
-0.15388937294483185
-0.12233279645442963
-0.13957026600837708
-0.18909335136413574
-0.1502419263124466
-0.15217381715774536
-0.10752427577972412
-0.08104221522808075
-0.12759976089000702
-0.2211778312921524
-0.07470458000898361
-0.13127094507217407
-0.14880003035068512
-0.18315178155899048
-0.1004699096083641
-0.16882513463497162
-0.20873971283435822
-0.20551684498786926
-0.056272320449352264
-0.18154950439929962
-0.07920808345079422
-0.13810864090919495
-0.09258983284235
-0.11355409771203995
-0.2199741005897522
-0.10261417925357819
-0.1947319060564041
-0.08915728330612183
-0.17107507586479187
-0.06609028577804565
-0.1989445835351944
-0.12485098838806152
-0.17966824769973755
-0.2079421579837799
-0.1755407452583313
-0.0912042036652565
-0.3121708929538727
-0.12782298028469086
-0.13740895688533783
-0.21218018233776093
-0.10398592054843903
-0.11043377965688705
-0.20233263075351715
-0.1358468383550644
-0.14372648298740387
-0.13783153891563416
-0.1534564346075058
-0.17091122269630432
-0.24598807096481323
-0.11952514946460724
-0.12237729877233505
-0.14850497245788574
-0.20504453778266907
-0.16631071269512177
-0.12179639935493469
-0.10842569917440414
-0.0843292698264122
-0.15453901886940002
-0.1624368280172348
-0.04020562022924423
-0.09477367997169495
-0.12334883213043213
-0.12474215030670166
-0.09485618025064468
-0.1890391707420349
-0.140896737575531
-0.19574911892414093
-0.1520678699016571
-0.17911885678768158
-0.1771128922700882
-0.07988742738962173
-0.15151353180408478
-0.23900257050991058
-0.09785997122526169
-0.1373930275440216
-0.17277966439723969
-0.08931585401296616
-0.21715959906578064
-0.152695894241333
-0.17282558977603912
-0.11358871310949326
-0.1324743926525116
-0.22027109563350677
-0.12851166725158691
-0.18001148104667664
-0.23595555126667023
-0.14780402183532715
-0.08599773794412613
-0.1360194981098175
-0.13658948242664337
-0.19581662118434906
-0.1150212213397026
-0.18257491290569305
-0.2315341830253601
-0.12878642976284027
-0.21919769048690796
-0.09438588470220566
-0.16451340913772583
-0.19885210692882538
-0.16774125397205353
-0.19507859647274017
-0.18348658084869385
-0.05183669924736023
-0.09164033830165863
-0.15635797381401062
-0.1526777446269989
-0.18344847857952118
-0.14240093529224396
-0.048416513949632645
-0.07991908490657806
-0.09299807250499725
-0.09365026652812958
-0.1105070486664772
-0.15936347842216492
-0.1454339325428009
-0.24594052135944366
-0.07552480697631836
-0.21059435606002808
