0.20209276676177979
0.26485395431518555
0.08163183182477951
0.11410924792289734
0.12763652205467224
0.12302711606025696
0.17803402245044708
0.1393176019191742
0.12347912788391113
0.11782611906528473
0.12806332111358643
0.1505151242017746
0.10595443844795227
0.0953843891620636
0.11473988741636276
0.12600886821746826
0.08307002484798431
0.22137470543384552
0.14519548416137695
0.1259988248348236
0.1202530711889267
0.1507071852684021
0.10662420094013214
0.30381718277931213
0.14441907405853271
0.12664207816123962
0.19660356640815735
0.11454593390226364
0.1376459151506424
0.09911032766103745
0.12222352623939514
0.13429813086986542
0.10659189522266388
0.11477982252836227
0.1946464627981186
0.15894517302513123
0.17148083448410034
0.15877224504947662
0.1576986461877823
0.09946666657924652
0.1035771444439888
0.13046835362911224
0.1547154188156128
0.16231626272201538
0.14372272789478302
0.16240966320037842
0.08564629405736923
0.21832546591758728
0.13388018310070038
0.08074285089969635
0.15281455218791962
0.1277168244123459
0.14133071899414062
0.11996139585971832
0.2566913962364197
0.12020125985145569
0.15230363607406616
0.15131306648254395
0.10017626732587814
0.14528566598892212
0.16195163130760193
0.1269727498292923
0.11785446852445602
0.10044350475072861
0.2033558189868927
0.15784285962581635
0.17846199870109558
0.11806310713291168
0.0674063116312027
0.2460210919380188
0.12510721385478973
0.11442519724369049
0.16703547537326813
0.14599250257015228
0.1625443994998932
0.12034285813570023
0.16971588134765625
0.10648249089717865
0.14152637124061584
0.16944624483585358
0.09094414860010147
0.11333048343658447
0.15686063468456268
0.08799208700656891
0.1333085000514984
0.1711333990097046
0.24205580353736877
0.11881371587514877
0.08818135410547256
0.10837523639202118
0.13729369640350342
0.2886058986186981
0.17357614636421204
0.17396347224712372
0.15119203925132751
0.10859564691781998
0.12109938263893127
0.1522902399301529
0.14529703557491302
0.17350952327251434
0.15150021016597748
0.13483183085918427
0.24451208114624023
0.1433006078004837
0.14223317801952362
0.15199998021125793
0.09845824539661407
0.12918144464492798
0.1371958702802658
0.22282454371452332
0.12654812633991241
0.153776153922081
0.16003812849521637
0.11208905279636383
0.1921689510345459
0.1195112094283104
0.11000990867614746
0.11507098376750946
0.14314132928848267
0.12581653892993927
0.14157819747924805
0.1049242839217186
0.18399526178836823
0.1157836988568306
0.11111392825841904
0.2187032699584961
0.11928842961788177
0.15409725904464722
0.1073540672659874
0.1350083351135254
0.13847142457962036
0.09903214871883392
0.14179332554340363
0.18373681604862213
0.1667313426733017
0.17119231820106506
0.15671853721141815
0.1542138159275055
0.15006861090660095
0.15848615765571594
0.14216263592243195
0.15268543362617493
0.1178833395242691
0.18820339441299438
0.18557226657867432
0.15494991838932037
0.17983506619930267
0.28793367743492126
0.11560320854187012
0.17489264905452728
0.1297285109758377
0.15218031406402588
0.13081441819667816
0.21233995258808136
0.157937154173851
0.09366843849420547
0.1310230791568756
0.2051682025194168
0.15103963017463684
0.15416564047336578
0.14162036776542664
0.12031681090593338
0.1372176557779312
0.19799160957336426
0.13520430028438568
0.2064879834651947
0.13854080438613892
0.13577795028686523
0.16963303089141846
0.281613290309906
0.10584080964326859
0.08859602361917496
0.11232786625623703
0.22692513465881348
0.11168202757835388
0.10795536637306213
0.2029224932193756
0.10259947925806046
0.11499767005443573
0.14516788721084595
0.11804759502410889
0.1690477877855301
0.20794671773910522
0.11329055577516556
0.19326649606227875
0.1453782171010971
0.08722900599241257
0.10024610906839371
0.11012870073318481
0.175702765583992
0.19670884311199188
0.090689517557621
0.11754850298166275
0.15082091093063354
0.13480128347873688
0.12033955752849579
0.1413467526435852
0.2188877910375595
0.10299459844827652
0.1387028992176056
0.16691440343856812
0.1089920625090599
0.16318947076797485
0.08748497068881989
0.134904682636261
0.1074405163526535
0.28390032052993774
0.16278797388076782
0.1871945708990097
0.15380553901195526
0.09734755754470825
0.18311317265033722
0.21195387840270996
0.17156265676021576
0.08899243175983429
0.18692736327648163
0.08774691820144653
0.129961296916008
0.27917200326919556
0.15652936697006226
0.16049499809741974
0.14274702966213226
0.13664510846138
0.1441064178943634
0.10799181461334229
0.11658726632595062
0.12857913970947266
0.24907124042510986
0.12499843537807465
0.14692294597625732
0.13874681293964386
0.11642248183488846
0.12547481060028076
0.09912733733654022
0.0941685363650322
0.15493634343147278
0.28438514471054077
0.12346217036247253
0.1732805073261261
0.18276560306549072
0.08906269818544388
0.11036811769008636
0.12862464785575867
0.14950791001319885
0.12488080561161041
0.46286341547966003
0.13799884915351868
0.10149703174829483
0.10638199746608734
0.16117160022258759
0.21475565433502197
0.14418114721775055
0.17141693830490112
0.16005539894104004
0.2571588158607483
0.1878545582294464
