0.14535969495773315
0.3270340859889984
0.3112724721431732
0.25384387373924255
0.4086110293865204
0.3937351703643799
0.44002044200897217
0.31080853939056396
0.3406016528606415
0.21679259836673737
0.2170049548149109
0.38568899035453796
0.19705665111541748
0.26921114325523376
0.16634739935398102
0.24539439380168915
0.32322198152542114
0.3686079978942871
0.3893359303474426
0.3264235854148865
0.387509822845459
0.4706648290157318
0.19583185017108917
0.471701443195343
0.1672913283109665
0.39383459091186523
0.30443739891052246
0.19288507103919983
0.2175176739692688
0.2118907868862152
0.42299726605415344
0.36828669905662537
0.24545446038246155
0.22288739681243896
0.3370117247104645
0.3228652775287628
0.2688329517841339
0.35567158460617065
0.2580554783344269
0.40307724475860596
0.4492470920085907
0.36423444747924805
0.2599305212497711
0.18814483284950256
0.1358594447374344
0.29579123854637146
0.19127318263053894
0.3064594864845276
0.3980543911457062
0.4101523160934448
0.18737471103668213
0.4515738785266876
0.33403125405311584
0.16276398301124573
0.35993269085884094
0.16241639852523804
0.28861933946609497
0.13580428063869476
0.4491459131240845
0.2693885266780853
0.48232778906822205
0.3393474221229553
0.4764101803302765
0.3154970109462738
0.60051429271698
0.4653555750846863
0.5264380574226379
0.2990676462650299
0.2991730570793152
0.46206721663475037
0.26135507225990295
0.42468616366386414
0.46624767780303955
0.42492830753326416
0.33450645208358765
0.26550528407096863
0.4047621786594391
0.36048072576522827
0.17822504043579102
0.3832552134990692
0.28232455253601074
0.38430529832839966
0.33069944381713867
0.2150934785604477
0.3317185938358307
0.14578476548194885
0.27708300948143005
0.49171772599220276
0.3199165165424347
0.4221685826778412
0.15585601329803467
0.4883585572242737
0.32666364312171936
0.3439985513687134
0.1607942134141922
0.4855174124240875
0.26771217584609985
0.16155365109443665
0.32205161452293396
0.4242931306362152
0.36611276865005493
0.18926185369491577
0.3399914801120758
0.3648102879524231
0.1778537929058075
0.35437095165252686
0.28522101044654846
0.24369601905345917
0.4472008943557739
0.3011118173599243
0.39965149760246277
0.6172989010810852
0.2793877124786377
0.48673245310783386
0.15020453929901123
0.6021344065666199
0.36038684844970703
0.46964192390441895
0.3711031675338745
0.23883038759231567
0.5346968173980713
0.15088221430778503
0.3213469684123993
0.4394172430038452
0.32294729351997375
0.4328998625278473
0.14885899424552917
0.37020114064216614
