-0.18977652490139008
-0.4821861684322357
-0.00880485214293003
0.006411094684153795
-0.3400825560092926
-0.10413604974746704
-0.16262423992156982
-0.22585345804691315
-0.11194734275341034
-0.3254087269306183
-0.02543623559176922
-0.23512084782123566
-0.07902266830205917
-0.3305886685848236
-0.09557895362377167
-0.041512202471494675
-0.32071229815483093
-0.0036750680301338434
-0.18297824263572693
-0.12952841818332672
-0.20693755149841309
-0.263177752494812
-0.13514797389507294
-0.12954716384410858
-0.25272810459136963
-0.010400339961051941
-0.08751983940601349
-0.33751365542411804
-0.5001226663589478
-0.1198822557926178
-0.1989024132490158
-0.29637521505355835
-0.19236619770526886
-0.2904215157032013
-0.009083938784897327
-0.010364588350057602
0.07376565784215927
-0.1760336309671402
0.04421234875917435
-0.22317375242710114
0.037582509219646454
-0.12347238510847092
-0.0064772688783705235
-0.2524145543575287
-0.012039028108119965
0.0554780513048172
0.15327750146389008
-0.14206014573574066
-0.11601176112890244
-0.08930589258670807
-0.15469004213809967
-0.1614655703306198
0.020771926268935204
-0.34964317083358765
-0.14774149656295776
-0.6154634356498718
-0.13642358779907227
-0.04054991900920868
-0.32464221119880676
-0.16971704363822937
0.16939190030097961
-0.06622210890054703
-0.20762133598327637
-0.3969418704509735
-0.29358822107315063
0.10796164721250534
-0.2797726094722748
-0.08588555455207825
-0.07128532975912094
-0.3519937992095947
-0.06416860967874527
-0.19932599365711212
0.020170794799923897
-0.38075685501098633
-0.08325071632862091
-0.13213519752025604
-0.30085185170173645
-0.1799907088279724
0.08241937309503555
-0.05320832133293152
0.15380969643592834
0.17774853110313416
0.1836695373058319
-0.19719073176383972
-0.008270642720162868
-0.21345309913158417
-0.38814401626586914
-0.16857506334781647
-0.11488919705152512
0.20550450682640076
-0.20539125800132751
-0.13449907302856445
-0.1579102724790573
-0.18012511730194092
-0.21326042711734772
-0.2940337657928467
-0.20874041318893433
-0.041945379227399826
-0.21576030552387238
-0.045287031680345535
-0.29350554943084717
-0.15740881860256195
0.031047336757183075
0.015392058528959751
-0.10131821781396866
0.0401114858686924
-0.407118558883667
-0.2852284610271454
-0.2953563928604126
-0.22605492174625397
-0.10827244073152542
0.1358664184808731
-0.6189577579498291
-0.19570821523666382
-0.2017679512500763
-0.018107235431671143
-0.315697580575943
-0.09736569970846176
-0.2187783420085907
0.010469455271959305
-0.06863781809806824
-0.2936573326587677
-0.316823273897171
-0.17453427612781525
0.0286297295242548
-0.17213991284370422
-0.20430168509483337
-0.21142126619815826
-0.2031935751438141
-0.21698619425296783
0.04594412446022034
0.21103613078594208
-0.10089163482189178
-0.05603676289319992
0.1500992327928543
-0.1712985783815384
0.01711759716272354
-0.20291326940059662
-0.2174801528453827
0.0836331695318222
-0.021472562104463577
-0.34234797954559326
-0.14498093724250793
0.1632310450077057
-0.16794463992118835
-0.16722457110881805
-0.1634460836648941
-0.3611137568950653
-0.06637764722108841
-0.30145910382270813
-0.11917755007743835
0.01923825778067112
-0.14198221266269684
-0.28522759675979614
-0.3038825988769531
-0.089706189930439
-0.06588680297136307
-0.02400161698460579
-0.22121022641658783
0.03059886209666729
-0.008323700167238712
-0.37725040316581726
-0.2583543062210083
0.002954477211460471
-0.09813850373029709
-0.26022693514823914
-0.12115323543548584
-0.2093685269355774
-0.13980206847190857
-0.17948776483535767
-0.1467435508966446
0.0102150933817029
-0.13960620760917664
-0.2731505334377289
-0.14267706871032715
-0.1135885939002037
-0.1668379306793213
-0.33461540937423706
-0.31076985597610474
-0.0468800812959671
-0.07330486923456192
-0.38276946544647217
-0.10824399441480637
-0.08538749068975449
-0.15643084049224854
-0.17071464657783508
-0.13959968090057373
0.03727753832936287
0.2787052094936371
-0.2414655089378357
-0.11959362775087357
-0.14531783759593964
-0.2642134726047516
-0.10120662301778793
0.04701172187924385
-0.11326155811548233
0.1593134105205536
-0.05664130300283432
-0.18679042160511017
-0.23618291318416595
0.09219150990247726
0.1657133549451828
0.15603876113891602
-0.19983774423599243
-0.19385182857513428
0.1154128834605217
0.05368246138095856
-0.21922603249549866
-0.0996757447719574
-0.23315922915935516
-0.1497587114572525
0.03165537863969803
0.07930517196655273
-0.21768859028816223
-0.26536646485328674
-0.227793350815773
-0.041873134672641754
0.01420620921999216
-0.21114198863506317
-0.02237021178007126
0.0952971950173378
-0.16281671822071075
0.09812885522842407
-0.12203370779752731
-0.035968586802482605
-0.3884229362010956
0.11471252143383026
0.006866865791380405
-0.2821265459060669
-0.6059821844100952
-0.2243296355009079
0.01771235279738903
-0.07364580780267715
-0.13720189034938812
-0.043635331094264984
0.16157901287078857
-0.19064700603485107
-0.2774394750595093
0.113584503531456
0.1891171932220459
0.061008378863334656
0.016079850494861603
-0.10455652326345444
-0.08297722041606903
0.007892385125160217
-0.09632663428783417
-0.1956150382757187
-0.1445474624633789
-0.15913662314414978
0.06116056814789772
-0.25517863035202026
0.0081870686262846
0.19798214733600616
-0.22803473472595215
-0.11632830649614334
-0.16436967253684998
