0.018530458211898804
0.026393530890345573
0.012856333516538143
0.012689043767750263
0.014751044102013111
0.015977930277585983
0.012459994293749332
0.01814458891749382
0.019382543861865997
0.011628041043877602
0.0075256964191794395
0.011218570172786713
0.03493382781744003
0.01768203265964985
0.020756088197231293
0.025356242433190346
0.023623397573828697
0.01982702873647213
0.022903840988874435
0.03438103199005127
0.01988978311419487
0.05380939692258835
0.03156339377164841
0.019644498825073242
0.012794418260455132
0.0191743653267622
0.019995814189314842
0.028697345405817032
0.018158094957470894
0.027271462604403496
0.011314562521874905
0.011836796067655087
0.02106785960495472
0.008485415019094944
0.016900379210710526
0.015894094482064247
0.012584798969328403
0.01564342901110649
0.00998709537088871
0.00893380306661129
0.018546536564826965
0.015648314729332924
0.008219587616622448
0.013122241012752056
0.01169449184089899
0.010159597732126713
0.01053601410239935
0.0244000144302845
0.013982618227601051
0.01611243560910225
0.011214599944651127
0.016259919852018356
0.029489921405911446
0.035516541451215744
0.014957373961806297
0.020074011757969856
0.017435742542147636
0.01189546100795269
0.020107707008719444
0.03507716953754425
0.01877795159816742
0.012122937478125095
0.013372248969972134
0.023717589676380157
0.02417626604437828
0.017589932307600975
0.02827812358736992
0.014679495245218277
0.010503703728318214
0.016921818256378174
0.024692615494132042
0.018485331907868385
0.010362437926232815
0.016711074858903885
0.013731214217841625
0.02246524766087532
0.011501156724989414
0.024803752079606056
0.012024668045341969
0.012569929473102093
0.021939296275377274
0.016974912956357002
0.017423972487449646
0.021701473742723465
0.017643477767705917
0.019816597923636436
0.023718608543276787
0.012252254411578178
0.027207765728235245
0.06049669533967972
0.011409745551645756
0.012758111581206322
0.019985713064670563
0.019866760820150375
0.022464826703071594
0.01949325203895569
0.016527773812413216
0.02303033322095871
0.01876191236078739
0.0209043025970459
0.02149292826652527
0.024125244468450546
0.0126322777941823
0.014381397515535355
0.012692474760115147
0.009812440723180771
0.016464615240693092
0.01631305180490017
0.04033249244093895
0.015335243195295334
0.014138384722173214
0.005015996750444174
0.033882979303598404
0.015892641618847847
0.02261612005531788
0.012451604008674622
0.0171132143586874
0.04538622498512268
0.016544999554753304
0.031451791524887085
0.041771817952394485
0.02262958697974682
0.024910567328333855
0.016146110370755196
0.01993875950574875
0.010475954972207546
0.027228083461523056
0.014376210980117321
0.0274556502699852
0.011227713897824287
0.009946346282958984
0.009960578754544258
0.02014060504734516
0.01847844384610653
0.009278235025703907
0.02074286714196205
0.008190510794520378
0.028919758275151253
0.015118303708732128
0.013835461810231209
0.01631348766386509
0.021079352125525475
0.0127473846077919
0.013376627117395401
0.04063696786761284
0.025386210530996323
0.02183505892753601
0.015741867944598198
0.008617161773145199
0.01871945708990097
0.034042321145534515
0.009113593958318233
0.006896253675222397
0.021932397037744522
0.020435383543372154
0.0330217070877552
0.02067842334508896
0.012721376493573189
0.04042065516114235
0.014041734859347343
0.014963144436478615
0.016276516020298004
0.04712361842393875
0.05333545058965683
0.014412544667720795
0.016945162788033485
0.02477121725678444
0.022726483643054962
0.016246264800429344
0.03978412225842476
0.02594158612191677
0.0068627288565039635
0.016802242025732994
0.02079288475215435
0.018885288387537003
0.02374468743801117
0.01541176438331604
0.022585606202483177
0.0184806976467371
0.02051851525902748
0.029992178082466125
0.050410736352205276
0.018867695704102516
0.017425568774342537
0.01401596050709486
0.01838807947933674
0.023563506081700325
0.040372733026742935
0.06914404034614563
0.027294766157865524
0.02072097361087799
0.01679476723074913
0.023664552718400955
0.018621744588017464
0.014305692166090012
0.011317404918372631
0.04242748022079468
0.01467834785580635
0.021901510655879974
0.04338419437408447
0.0441787950694561
0.011020109988749027
0.017952248454093933
0.014673855155706406
0.01580597646534443
0.025304684415459633
0.023666830733418465
0.02103007584810257
0.011405155062675476
0.019686181098222733
0.011575448326766491
0.013539188541471958
0.009093482978641987
0.020994117483496666
0.023689191788434982
0.025597458705306053
0.03356410190463066
0.01657821051776409
0.015099543146789074
0.013169415295124054
0.029547639191150665
0.026140138506889343
0.016541583463549614
0.013859668746590614
0.011822241358458996
0.020687296986579895
0.01804862730205059
0.009809594601392746
0.016161413863301277
0.03975803405046463
0.011737261898815632
0.032446470111608505
0.013650278560817242
0.02253478206694126
0.017261888831853867
0.012098804116249084
0.009317068383097649
0.011607485823333263
0.01138749998062849
0.019525637850165367
0.014282737858593464
0.010254694148898125
0.02060752548277378
0.011114910244941711
0.01696462370455265
0.013392155058681965
0.022404499351978302
0.021117914468050003
0.03955390676856041
0.007480636239051819
0.024169303476810455
0.01268886961042881
0.03618013858795166
0.016522465273737907
0.01824859343469143
0.01617107167840004
