-0.19863493740558624
-0.15927979350090027
-0.2054397165775299
-0.15975089371204376
-0.12678273022174835
-0.3226020336151123
-0.15970158576965332
-0.3477213382720947
-0.24966129660606384
-0.27300745248794556
-0.23193195462226868
-0.02860359661281109
-0.1898968517780304
-0.28126493096351624
-0.1732623130083084
-0.24120020866394043
-0.37122011184692383
-0.27470964193344116
-0.20525281131267548
-0.2584995925426483
-0.15354183316230774
-0.27479320764541626
-0.3240582346916199
-0.2524716258049011
-0.19061198830604553
-0.22516992688179016
-0.34356701374053955
-0.22015368938446045
-0.16640010476112366
-0.27159568667411804
-0.19198071956634521
-0.3399457335472107
-0.20263485610485077
-0.29715919494628906
-0.26156431436538696
-0.223832368850708
-0.24862784147262573
-0.26058292388916016
-0.08928804844617844
-0.35722649097442627
-0.12829643487930298
-0.2583221197128296
-0.24495430290699005
-0.15228408575057983
-0.31649863719940186
-0.14449860155582428
-0.2521677315235138
-0.19625645875930786
-0.1793680489063263
-0.10708767175674438
-0.16618773341178894
-0.20525462925434113
-0.2529677450656891
-0.14472736418247223
-0.2517179548740387
-0.2061956226825714
-0.281669557094574
-0.3376125395298004
-0.13824379444122314
-0.23889125883579254
-0.255710631608963
-0.015553812496364117
-0.21688489615917206
-0.17631621658802032
-0.14864277839660645
-0.21218536794185638
-0.20018023252487183
-0.07155321538448334
-0.20890794694423676
-0.3579890727996826
-0.2588307559490204
-0.35992541909217834
-0.15277594327926636
-0.21074062585830688
-0.2924840748310089
-0.18553896248340607
-0.39703431725502014
-0.1257224678993225
-0.25736376643180847
-0.24123306572437286
-0.0863335058093071
-0.3064799904823303
-0.2700611650943756
-0.3379524350166321
-0.248466357588768
-0.1935485601425171
-0.2986512780189514
-0.22786372900009155
-0.35996535420417786
-0.27643176913261414
-0.24804918467998505
-0.12080980837345123
-0.33779242634773254
-0.26613849401474
-0.16772791743278503
-0.24700210988521576
-0.2151583880186081
-0.2591182589530945
-0.19364596903324127
-0.15428803861141205
-0.41172391176223755
-0.1569584459066391
-0.23715685307979584
-0.2997130751609802
-0.2123575359582901
-0.20339997112751007
-0.18482835590839386
-0.3069876730442047
-0.3437614142894745
-0.18385764956474304
-0.1936550885438919
-0.09161198884248734
-0.233758345246315
-0.35578829050064087
-0.19672581553459167
-0.3302988111972809
-0.1398342251777649
-0.21765369176864624
-0.16652806103229523
-0.18573443591594696
-0.31145280599594116
-0.10489941388368607
-0.422929048538208
-0.24081531167030334
-0.13204047083854675
-0.16309095919132233
-0.33784040808677673
-0.3300025463104248
-0.3183211386203766
-0.22677886486053467
-0.2786625027656555
-0.19496147334575653
-0.19498731195926666
-0.14625561237335205
-0.24371947348117828
-0.22972683608531952
-0.12824252247810364
-0.2164042592048645
-0.11792633682489395
-0.24366861581802368
-0.2610940933227539
-0.2656092643737793
-0.1947716325521469
-0.12083495408296585
-0.16677163541316986
-0.1350531280040741
-0.27130383253097534
-0.0560065396130085
-0.22425208985805511
-0.1318119913339615
-0.2355988472700119
-0.2720382809638977
-0.2050630748271942
-0.17364022135734558
-0.2890658378601074
-0.2627260982990265
-0.3358229100704193
-0.17787377536296844
-0.23091107606887817
-0.14769606292247772
-0.2685360312461853
-0.18824543058872223
-0.2628919184207916
-0.19832850992679596
-0.3521628975868225
-0.19048070907592773
-0.27779003977775574
-0.339548259973526
-0.2894724905490875
-0.22403784096240997
-0.1149723082780838
-0.2462490200996399
-0.24261102080345154
-0.25811123847961426
-0.31332510709762573
-0.2315342277288437
-0.2270764708518982
-0.20773440599441528
-0.2108846753835678
-0.13708455860614777
-0.13229568302631378
-0.25294002890586853
-0.1716124713420868
-0.2531866431236267
-0.22767992317676544
-0.2084067314863205
-0.18030250072479248
-0.18683424592018127
-0.24036730825901031
-0.21660755574703217
-0.21968890726566315
-0.2870342433452606
-0.3061714768409729
-0.15071900188922882
-0.10543575137853622
-0.21993456780910492
-0.24152709543704987
-0.33100470900535583
-0.2699873745441437
-0.15682072937488556
-0.1448994129896164
-0.26103708148002625
-0.18282653391361237
-0.26479125022888184
-0.31340381503105164
-0.29374271631240845
-0.2687065899372101
-0.21149304509162903
-0.21637238562107086
-0.4521808624267578
-0.2998512089252472
-0.3031533658504486
-0.22916889190673828
-0.3099111020565033
-0.2642023265361786
-0.269489049911499
-0.14406175911426544
-0.1671433299779892
-0.15697917342185974
-0.14148758351802826
-0.22223809361457825
-0.17362697422504425
-0.14814577996730804
-0.25728482007980347
-0.20603908598423004
-0.17031711339950562
-0.23599739372730255
-0.1769522726535797
-0.21322749555110931
-0.20155559480190277
-0.3000946640968323
-0.15179017186164856
-0.2085627168416977
-0.2804706394672394
-0.26979514956474304
-0.22919271886348724
-0.1292869597673416
-0.2513898015022278
-0.26003730297088623
-0.24543236196041107
-0.17437931895256042
-0.10288196057081223
-0.16789425909519196
-0.23527812957763672
-0.2007247507572174
-0.3363308906555176
-0.16404961049556732
-0.2429594099521637
-0.16986344754695892
-0.16969677805900574
-0.18373790383338928
-0.1624554991722107
-0.24150320887565613
-0.2687421441078186
-0.23048155009746552
-0.20291641354560852
-0.22090540826320648
-0.22401970624923706
-0.26748088002204895
-0.32333073019981384
0.14621305465698242
-0.4776686131954193
-0.23763959109783173
-0.1488526165485382
-0.14624382555484772
-0.30549633502960205
-0.22336086630821228
-0.16972722113132477
-0.19517065584659576
-0.21305027604103088
-0.23398715257644653
-0.20390528440475464
-0.30539998412132263
-0.259589284658432
-0.347015380859375
-0.21755443513393402
-0.2706122100353241
-0.28973260521888733
-0.17288856208324432
-0.23000121116638184
-0.10655815154314041
-0.3555808961391449
-0.2912462055683136
-0.17771250009536743
-0.20074672996997833
-0.16991810500621796
-0.3008754849433899
-0.3045724630355835
-0.16929368674755096
-0.26024872064590454
-0.205322265625
-0.18096904456615448
-0.18078792095184326
-0.17297764122486115
-0.3757230341434479
-0.18082186579704285
-0.18054424226284027
-0.18948723375797272
-0.2642524242401123
-0.2075415849685669
-0.23646287620067596
-0.19752830266952515
-0.3063706159591675
-0.19838863611221313
-0.18105410039424896
-0.36762765049934387
-0.11981754750013351
-0.14845485985279083
-0.17697137594223022
-0.07807861268520355
-0.205227330327034
-0.13602767884731293
-0.14174619317054749
-0.16905763745307922
-0.2394850254058838
-0.1784859299659729
-0.17466889321804047
-0.24837930500507355
-0.2716851830482483
-0.30955517292022705
-0.14646829664707184
-0.2238847017288208
-0.25841715931892395
-0.3571617603302002
-0.23105372488498688
-0.287847638130188
-0.3841361105442047
-0.34745174646377563
-0.38958534598350525
-0.18911005556583405
-0.2861165702342987
-0.243094801902771
-0.28368493914604187
-0.43648698925971985
-0.3352631628513336
-0.18023866415023804
-0.1975635290145874
-0.15291187167167664
-0.19782967865467072
-0.25353777408599854
-0.19539456069469452
-0.26673951745033264
-0.2813161313533783
-0.2487073689699173
-0.30703818798065186
-0.23390507698059082
-0.22115011513233185
-0.19246380031108856
-0.22237062454223633
-0.4178301990032196
-0.3150562047958374
-0.26630133390426636
-0.3580996096134186
-0.19353128969669342
-0.23846681416034698
-0.24236051738262177
-0.18500395119190216
-0.2264835685491562
-0.18030954897403717
-0.0776892825961113
-0.14922620356082916
-0.3361181616783142
-0.41334637999534607
-0.31226667761802673
-0.27450448274612427
-0.12469686567783356
-0.31024712324142456
0.004149459768086672
-0.1981123834848404
-0.33007219433784485
-0.20468808710575104
-0.10527925938367844
-0.1653205007314682
-0.16343404352664948
-0.11155100166797638
-0.23140177130699158
-0.31909215450286865
-0.1818309873342514
-0.26571953296661377
-0.2219828963279724
-0.10294943302869797
-0.19987230002880096
-0.2701912820339203
-0.2138722985982895
-0.22555077075958252
-0.2652503252029419
-0.16297157108783722
-0.33216556906700134
-0.16166287660598755
-0.3445926904678345
0.028773769736289978
-0.24556292593479156
-0.3171074092388153
-0.35798466205596924
-0.28566044569015503
-0.2519797384738922
-0.2030632644891739
-0.152175635099411
-0.22026503086090088
-0.34898605942726135
-0.16850657761096954
-0.1424267441034317
-0.1602240651845932
-0.15532651543617249
-0.30568376183509827
-0.24199390411376953
-0.35363373160362244
-0.05508077144622803
-0.09871264547109604
-0.22716498374938965
-0.2618756890296936
-0.2034606784582138
-0.09058693796396255
-0.1976061463356018
-0.3039625287055969
-0.2731698453426361
-0.316084623336792
-0.2102268636226654
-0.33841612935066223
-0.1739688366651535
-0.1474594622850418
-0.18416085839271545
-0.1823037564754486
-0.11507777124643326
-0.2182914912700653
-0.20098567008972168
-0.2659076452255249
-0.2204544097185135
-0.25673770904541016
-0.16332444548606873
-0.22128844261169434
-0.2658168375492096
-0.2938300371170044
-0.10691766440868378
-0.25218456983566284
-0.11030194908380508
-0.2216462939977646
-0.2244049608707428
-0.2908109724521637
-0.21762286126613617
-0.3605116903781891
-0.2374442219734192
-0.23913706839084625
-0.2250826060771942
-0.22559654712677002
-0.13386446237564087
-0.197038933634758
-0.29696938395500183
-0.2206195592880249
-0.20508472621440887
-0.222899928689003
-0.3601892590522766
-0.29227420687675476
-0.2498275488615036
-0.1465558558702469
-0.09789327532052994
-0.16862724721431732
-0.21575111150741577
-0.2881138324737549
-0.30022183060646057
-0.27600356936454773
-0.24958941340446472
-0.35359540581703186
-0.28683769702911377
-0.3251141905784607
-0.1846979409456253
-0.30616042017936707
-0.38613617420196533
-0.2649804949760437
-0.13394154608249664
-0.18459293246269226
-0.1630130410194397
-0.06295472383499146
-0.17170897126197815
-0.14154790341854095
-0.1905687153339386
-0.4610790014266968
-0.13906057178974152
-0.19199730455875397
-0.13692164421081543
-0.16466228663921356
-0.005524486768990755
-0.2598234713077545
-0.26526686549186707
-0.23189730942249298
-0.17799979448318481
-0.1912882775068283
-0.20549450814723969
-0.18908637762069702
-0.26249852776527405
-0.1633448451757431
-0.24974992871284485
-0.16964031755924225
-0.1907293200492859
-0.24312476813793182
-0.1825110912322998
-0.2607063055038452
-0.19428221881389618
-0.23606616258621216
-0.05809839814901352
-0.2757784426212311
-0.259300172328949
-0.14656208455562592
-0.35890498757362366
-0.043869342654943466
-0.344003826379776
-0.10887449979782104
-0.42193803191185
-0.1503482162952423
-0.2792418897151947
-0.30346477031707764
-0.11563517898321152
