0.3334367573261261
0.058141205459833145
0.07145082205533981
0.34415188431739807
0.17564553022384644
0.1509401798248291
0.15675295889377594
0.3099791407585144
0.1927347034215927
0.15158580243587494
0.304443359375
0.223825603723526
0.37064993381500244
0.17388327419757843
0.3050995171070099
0.2610056698322296
0.15745440125465393
0.20152921974658966
0.29329368472099304
0.10096876323223114
0.5870516300201416
0.06758112460374832
0.24994271993637085
0.09289944916963577
0.24433313310146332
0.049473170191049576
0.2448659986257553
0.2750164866447449
0.30712148547172546
0.3024558126926422
0.18176941573619843
0.0688113272190094
0.2223053127527237
0.3765757977962494
0.4661218523979187
0.3284279704093933
0.10352223366498947
0.33999478816986084
0.23249493539333344
0.1513855904340744
0.17531059682369232
0.22693240642547607
0.2605989873409271
0.1830698698759079
0.28939127922058105
0.25899502635002136
0.22082972526550293
0.1399030238389969
0.06434815376996994
0.2833220958709717
0.3450717031955719
0.20166245102882385
0.0695781409740448
0.2722492516040802
0.11274924874305725
0.29165446758270264
0.23577944934368134
0.270338237285614
0.09105575084686279
0.25905048847198486
0.13015633821487427
0.22613488137722015
0.19673824310302734
0.05390658229589462
0.06965131312608719
0.052444975823163986
0.1050124242901802
0.08611147850751877
0.1172613874077797
0.09574612975120544
0.18619154393672943
0.1642358899116516
0.13358362019062042
0.1064513623714447
0.1312321126461029
0.08879076689481735
0.07926379889249802
0.047524675726890564
0.30488845705986023
0.23246663808822632
0.29075634479522705
0.12920042872428894
0.07784397155046463
0.22631420195102692
0.23791107535362244
0.3405212163925171
0.09142948687076569
0.19359765946865082
0.12230117619037628
0.13997654616832733
0.29525017738342285
0.23604367673397064
0.16813282668590546
0.13384191691875458
0.2665744125843048
0.14950567483901978
0.07609833031892776
0.1673625111579895
0.17839129269123077
0.17197920382022858
0.23179668188095093
0.3752894103527069
0.21030205488204956
0.1921554058790207
0.4001924991607666
0.17184676229953766
0.059251610189676285
0.07419206947088242
0.06856008619070053
0.19307485222816467
0.1385880708694458
0.11113760620355606
0.305450975894928
0.1205030232667923
0.3443387448787689
0.16330523788928986
0.3672800362110138
0.1533786952495575
0.07420613616704941
0.20876100659370422
0.03941831737756729
0.2593986988067627
0.13846652209758759
-0.0050756302662193775
0.19046786427497864
0.12752632796764374
0.30709993839263916
0.1681794971227646
