0.1079198494553566
0.11311868578195572
0.09240151941776276
0.07178167998790741
0.09793974459171295
0.1615561544895172
0.06775907427072525
0.09526436775922775
0.1568412035703659
0.14886724948883057
0.1486390084028244
0.11875095963478088
0.10373685508966446
0.32787004113197327
0.07485803216695786
0.0979902446269989
0.08454863727092743
0.06364957243204117
0.0813424214720726
0.10063011199235916
0.0731852799654007
0.06417105346918106
0.19328811764717102
0.08238472789525986
0.059233490377664566
0.14886100590229034
0.07380064576864243
0.08961030840873718
0.2558687925338745
0.15168176591396332
0.06849493831396103
0.10446330159902573
0.11641523987054825
0.1184723824262619
0.08994296193122864
0.1023998111486435
0.06943798810243607
0.16135403513908386
0.08583271503448486
0.07818043977022171
0.06297066062688828
0.13143658638000488
0.10871218889951706
0.10178418457508087
0.07092677801847458
0.09730664640665054
0.06381142139434814
0.07951516658067703
0.0911066085100174
0.07723341137170792
0.08055976033210754
0.09858216345310211
0.1304336041212082
0.16458261013031006
0.10062083601951599
0.123260997235775
0.07029609382152557
0.10330722481012344
0.1295950561761856
0.237422913312912
0.09077619761228561
0.12956185638904572
0.0678030401468277
0.1330287903547287
0.20667864382266998
0.08597680926322937
0.12074576318264008
0.15733541548252106
0.1655588150024414
0.07762691378593445
0.16656458377838135
0.18874898552894592
0.11682308465242386
0.11440704762935638
0.04643610119819641
0.11300117522478104
0.05654526501893997
0.06515936553478241
0.10307377576828003
0.10984176397323608
0.07609447091817856
0.10136120021343231
0.06273985654115677
0.06241767108440399
0.09848783165216446
0.1318565160036087
0.06386947631835938
0.08810389041900635
0.06460536271333694
0.19890351593494415
0.20184236764907837
0.06888645887374878
0.0621778778731823
0.12386682629585266
0.1008608490228653
0.19354471564292908
0.07564742118120193
0.17528562247753143
0.14221493899822235
0.1524605005979538
0.07353301346302032
0.10372686386108398
0.07744978368282318
0.07333382219076157
0.13400018215179443
0.06799791753292084
0.18666091561317444
0.06485258787870407
0.08853939920663834
0.1278832107782364
0.19669154286384583
0.1160007119178772
0.16106247901916504
0.07858622074127197
0.06957588344812393
0.10402810573577881
0.13998083770275116
0.09589824080467224
0.09935306757688522
0.06314634531736374
0.04468221589922905
0.1599871963262558
0.06273996084928513
0.10073281079530716
0.2316432148218155
0.10736392438411713
0.06949010491371155
0.05260533094406128
0.11786963790655136
0.22172342240810394
0.0783795416355133
0.09681431204080582
0.09065260738134384
0.06700335443019867
0.07580284029245377
0.08211779594421387
0.1579657346010208
0.11112352460622787
0.09285257756710052
0.08756718039512634
0.09622702747583389
0.05878543481230736
0.07593630254268646
0.09388191998004913
0.07769341766834259
0.11986050009727478
0.0677805244922638
0.14315244555473328
0.08742986619472504
0.06688177585601807
0.0881350114941597
0.1013459861278534
0.1303272545337677
0.08777561038732529
0.11376696079969406
0.08093799650669098
0.09460698068141937
0.09403251856565475
0.14621876180171967
0.16145509481430054
0.0842805877327919
0.12098203599452972
0.09232588112354279
0.04451264068484306
0.09657307714223862
0.10236835479736328
0.06374099850654602
0.07066772133111954
0.07418486475944519
0.13957074284553528
0.04991495981812477
0.11789043247699738
0.06881245225667953
0.04866967722773552
0.08781735599040985
0.08643165975809097
0.07913810759782791
0.1721893697977066
0.09957732260227203
0.12517718970775604
0.05556771159172058
0.07612045854330063
0.07285890728235245
0.12052566558122635
0.054968610405921936
0.10800088196992874
0.132346510887146
0.22791622579097748
0.05272689461708069
0.0670788511633873
0.09550967812538147
0.11268700659275055
0.12903019785881042
0.08719652146100998
0.09264366328716278
0.07904597371816635
0.05890955403447151
0.13204528391361237
0.060425009578466415
0.07042349129915237
0.09050331264734268
0.054909612983465195
0.1622704714536667
0.06287425011396408
0.0671849399805069
0.06402645260095596
0.08004027605056763
0.12753871083259583
0.13190239667892456
0.07425855100154877
0.13809415698051453
0.06590637564659119
0.1328742653131485
0.1961730420589447
0.07384291291236877
0.14160464704036713
0.16391009092330933
0.09662152081727982
0.09916990995407104
0.07857488840818405
0.07664649188518524
0.09067391604185104
0.07596408575773239
0.10004998743534088
0.1350519359111786
0.06032557785511017
0.060348860919475555
0.07670159637928009
0.06705983728170395
0.13311365246772766
0.11999297142028809
0.0779481902718544
0.08320920169353485
0.061850257217884064
0.12061233073472977
0.09863047301769257
0.0742160826921463
0.09601951390504837
0.0675790086388588
0.09019389003515244
0.1194898784160614
0.041490256786346436
0.09264189004898071
0.1190733015537262
0.10553612560033798
0.13316868245601654
0.08616065233945847
0.08650919795036316
0.06496585160493851
0.07978324592113495
0.06609449535608292
0.10104848444461823
0.10377531498670578
0.10050342231988907
0.09450002759695053
0.06111954525113106
