-0.09154077619314194
0.018898284062743187
-0.12345635145902634
-0.0613265261054039
-0.10026336461305618
-0.1305909901857376
-0.1472666710615158
-0.1078844889998436
-0.24378396570682526
-0.1112508699297905
0.1360863894224167
-0.1476958841085434
0.03874028101563454
-0.09068100899457932
0.0352497324347496
-0.18514138460159302
-0.1318633258342743
-0.174565851688385
-0.08150757104158401
-0.10039687901735306
-0.33935660123825073
-0.17120149731636047
-0.08069386333227158
-0.12275579571723938
-0.22634771466255188
-0.15031298995018005
-0.23135238885879517
-0.23273225128650665
-0.08538927137851715
-0.08015219122171402
-0.07163272053003311
-0.08390269428491592
-0.05916796252131462
0.03575762361288071
-0.032176099717617035
-0.21969261765480042
0.002686099847778678
-0.14711984992027283
-0.02640414610505104
-0.18858565390110016
-0.2416648417711258
-0.14937852323055267
-0.19043946266174316
-0.10891254991292953
-0.26568496227264404
-0.136225163936615
-0.04870503768324852
-0.13404029607772827
-0.09295270591974258
-0.0064062150195240974
-0.17213712632656097
-0.14759910106658936
-0.17143896222114563
0.033604081720113754
-0.10109083354473114
-0.1761115938425064
-0.11836129426956177
-0.048236310482025146
-0.32596996426582336
-0.15553295612335205
-0.016896558925509453
-0.2372852861881256
-0.10152170807123184
-0.10509824007749557
-0.2738122344017029
-0.19171936810016632
-0.050345875322818756
-0.1098218634724617
0.1484401971101761
-0.22824665904045105
-0.06997344642877579
-0.14268247783184052
-0.1416987031698227
-0.3095991611480713
-0.2042786031961441
0.026868578046560287
-0.0778612270951271
-0.08422429114580154
-0.04644189029932022
-0.14294132590293884
-0.39169883728027344
0.025708498433232307
-0.17787395417690277
-0.09933056682348251
-0.050710901618003845
-0.22219355404376984
-0.09507888555526733
-0.08613526076078415
-0.07427605241537094
-0.16658367216587067
-0.20537975430488586
-0.17815633118152618
-0.11504828929901123
-0.2525167763233185
-0.06941590458154678
-0.05363323912024498
-0.049875371158123016
-0.031104572117328644
0.12121278792619705
-0.09881429374217987
-0.15704485774040222
-0.3092995584011078
-0.07965933531522751
-0.0994156002998352
-0.1774471253156662
-0.050523173063993454
0.0765605941414833
-0.04798578470945358
-0.12778937816619873
-0.06505194306373596
-0.17371611297130585
0.030265968292951584
-0.13339881598949432
-0.24351204931735992
-0.07456213980913162
-0.03647075220942497
-0.1843499392271042
-0.08870690315961838
-0.1924138218164444
-0.11100183427333832
-0.14578847587108612
-0.08951057493686676
-0.09559263288974762
-0.20419807732105255
-0.1338130533695221
-0.0636855959892273
-0.0699256882071495
-0.16564959287643433
-0.15209923684597015
-0.13171125948429108
-0.08257174491882324
-0.24704264104366302
-0.11742812395095825
-0.14747558534145355
-0.08403058350086212
-0.06813730299472809
-0.17894287407398224
0.02884017862379551
-0.03617285564541817
-0.30052250623703003
-0.14410734176635742
-0.08124745637178421
-0.049173083156347275
-0.06567960232496262
-0.12487340718507767
-0.11042404919862747
0.018733901903033257
-0.13513028621673584
-0.19443389773368835
-0.09087272733449936
0.20669899880886078
-0.10811899602413177
-0.24986819922924042
-0.09991913288831711
0.050711438059806824
-0.1899014562368393
-0.0369446687400341
-0.14324437081813812
0.12787264585494995
-0.1781749278306961
-0.11723297834396362
-0.009902884252369404
0.0784769207239151
-0.06808802485466003
-0.03649182990193367
-0.15956184267997742
-0.16058564186096191
-0.0922352597117424
-0.17734956741333008
-0.17880690097808838
0.030626678839325905
-0.11006005853414536
-0.1354692578315735
-0.22440236806869507
-0.08599211275577545
-0.12324105203151703
-0.09266146272420883
-0.16661667823791504
-0.1393408179283142
-0.089811772108078
-0.061381157487630844
-0.17399227619171143
-0.2502775490283966
-0.05925311520695686
-0.12718379497528076
-0.14220082759857178
-0.0742511972784996
-0.22076235711574554
-0.22068238258361816
-0.27420490980148315
-0.13016119599342346
-0.0916413962841034
-0.1696425974369049
-0.24806997179985046
-0.1523742973804474
0.04103120416402817
-0.1076829582452774
0.040800631046295166
-0.19151578843593597
-0.06965305656194687
-0.10492181032896042
-0.011045820079743862
-0.3256800174713135
-0.13363415002822876
-0.10210671275854111
0.012818904593586922
-0.27168911695480347
-0.12454602122306824
0.028783366084098816
-0.10253589600324631
-0.24051229655742645
-0.1475837230682373
0.10082712769508362
-0.021986903622746468
-0.09826721251010895
-0.44169560074806213
-0.07740282267332077
-0.3206619918346405
-0.027249865233898163
-0.07261278480291367
-0.06076328828930855
-0.04300105199217796
-0.0871741846203804
-0.12803004682064056
-0.16084471344947815
-0.15292350947856903
-0.17450200021266937
-0.17017631232738495
-0.048594024032354355
-0.14587688446044922
-0.05522029846906662
-0.08078603446483612
-0.026369906961917877
-0.09516902267932892
-0.11255531758069992
-0.045168984681367874
-0.08366148173809052
-0.03306998312473297
0.012682720087468624
-0.08646631240844727
-0.144631028175354
-0.0731673538684845
-0.21599435806274414
-0.09524213522672653
-0.12968431413173676
-0.20076803863048553
-0.21346895396709442
-0.22043699026107788
-0.2380957007408142
-0.17869237065315247
-0.138572096824646
-0.19008894264698029
-0.09809552878141403
-0.08501466363668442
-0.07610251009464264
-0.058645255863666534
