0.3090434670448303
0.21471115946769714
0.23657667636871338
0.4259313941001892
0.5136860609054565
0.21810919046401978
0.22044053673744202
0.22995343804359436
0.26400554180145264
0.26945143938064575
0.21377763152122498
0.46019089221954346
0.2660883963108063
0.23189784586429596
0.39003223180770874
0.23885475099086761
0.26604509353637695
0.3634481728076935
0.3474125564098358
0.24770058691501617
0.328453004360199
0.5349345803260803
0.6440200805664062
0.227493554353714
0.4481808543205261
0.307817280292511
0.2604122757911682
0.4650680720806122
0.21794624626636505
0.28581538796424866
0.3425617218017578
0.4419967830181122
0.4449767470359802
0.45001867413520813
0.5515506863594055
0.5092067122459412
0.2564454972743988
0.26341885328292847
0.566351056098938
0.6409561038017273
0.22275681793689728
0.19860169291496277
0.24595415592193604
0.22420111298561096
0.21431125700473785
0.19821618497371674
0.6367655992507935
0.3105548322200775
0.5049276351928711
0.2402745485305786
0.3064938187599182
0.37598612904548645
0.3793805241584778
0.42806413769721985
0.2990819215774536
0.33263206481933594
0.2596467137336731
0.33453279733657837
0.20056599378585815
0.4350556433200836
0.16826024651527405
0.5149378776550293
0.2628827393054962
0.3253703713417053
