-0.10245275497436523
-0.259170800447464
-0.09654588252305984
-0.3406524062156677
-0.7096555829048157
-0.6031118631362915
-0.21411491930484772
-0.9030697345733643
-0.40351107716560364
-0.6407430171966553
-0.2496543973684311
-0.3582805395126343
-0.45653000473976135
-0.6490311026573181
-0.5170087218284607
-0.13487251102924347
-0.4850020706653595
-0.47393080592155457
-0.31532585620880127
-0.8208946585655212
-0.42248672246932983
-0.6205794215202332
-0.4559069275856018
-0.3367573916912079
-0.4792241156101227
-0.14578095078468323
-0.27477553486824036
-0.398023784160614
-0.7130269408226013
-0.8394373655319214
-0.27377331256866455
-0.2684212923049927
-0.7558789253234863
-0.12117252498865128
-0.43895062804222107
-0.6970697045326233
-0.5033597350120544
-0.5666612982749939
-0.0880931094288826
-0.5308249592781067
-1.0778849124908447
-0.4656940996646881
-0.10164188593626022
-0.3251292407512665
0.5384091734886169
-0.757288932800293
-0.47177836298942566
-0.347489595413208
-0.7198426127433777
0.047820206731557846
-0.13873374462127686
-0.87797611951828
-0.4057418704032898
-0.115065798163414
0.09924537688493729
-0.3887537121772766
-1.0015314817428589
-0.38664162158966064
-0.3266967535018921
-0.7324401140213013
0.09076157957315445
-0.27599015831947327
-0.2759399712085724
-0.18919041752815247
-0.5036489367485046
-0.7406448721885681
-0.5313692092895508
-0.4803752303123474
-0.6063234210014343
-0.002653012750670314
-0.9184935092926025
-0.244357168674469
-1.1848740577697754
-0.5389591455459595
0.0825830027461052
-0.5176621079444885
-0.28138497471809387
-0.9466793537139893
-0.39463871717453003
-0.22021622955799103
-0.9324887990951538
-0.22053539752960205
-0.5632112622261047
-0.3164684772491455
-0.3471393585205078
-0.5693942308425903
-0.5108600854873657
-0.5890065431594849
-0.7838022112846375
-0.0022634975612163544
-0.2395845502614975
-0.16722775995731354
-0.8410887718200684
-0.730737566947937
-0.7261484861373901
-0.9348702430725098
-0.3716297149658203
-0.35617175698280334
-0.5136712193489075
0.01996535435318947
-0.168304443359375
-0.563288688659668
-0.7859853506088257
0.09910089522600174
-0.4193113148212433
-0.20719027519226074
0.35788625478744507
-0.4102272391319275
-0.3667500913143158
-0.4048980176448822
-0.9005483984947205
-0.2776912748813629
-0.27254772186279297
0.3941227197647095
-0.5075106620788574
-0.45299357175827026
-0.1478305160999298
-0.0220602136105299
-0.8573840260505676
-0.3103588819503784
-0.3454422056674957
-0.6428114175796509
-0.27089551091194153
-0.8565030694007874
-0.6259888410568237
0.03891056776046753
-0.22535386681556702
-0.06052563339471817
-0.5984011888504028
-0.36427217721939087
-0.3484620153903961
0.0255813617259264
-0.649912416934967
-0.30527976155281067
-0.239828959107399
-0.3982088267803192
-0.7215222716331482
-0.6537064909934998
0.07682159543037415
-0.45541080832481384
-0.536162793636322
-0.10205737501382828
-0.6464117169380188
-0.2657587230205536
-0.4985252618789673
-0.43191778659820557
-0.3855185806751251
-0.3942941427230835
-0.5917544364929199
-0.23352521657943726
-0.6772295832633972
-0.5162183046340942
0.3806023597717285
-0.38963618874549866
-0.7292144298553467
-0.22069257497787476
-0.16872021555900574
-0.6622745394706726
0.28497055172920227
0.17258459329605103
-0.19740858674049377
-0.5586431622505188
-0.2523576021194458
0.1772792488336563
-0.6096153855323792
-0.22805264592170715
-0.4690638482570648
-0.8133285641670227
0.009186330251395702
-0.4919891059398651
-0.1767774224281311
0.12882542610168457
-0.06929214298725128
-0.839731752872467
0.2612915337085724
-0.21876685321331024
-0.3190372586250305
-0.48676005005836487
-0.6609315872192383
-0.7674961686134338
-0.7932612299919128
-0.9342048168182373
-0.0691186785697937
-0.6616140007972717
-0.3704870343208313
-0.45378920435905457
-0.9279190301895142
0.3323771357536316
-0.4950217604637146
0.2669447064399719
-0.8139046430587769
-0.7909100651741028
-0.7892059087753296
-0.46717333793640137
-0.5916892290115356
-0.5462589859962463
-0.28957974910736084
-0.022647632285952568
-0.27220314741134644
-0.3746829628944397
0.12020578235387802
-0.03379546105861664
0.18907195329666138
-0.24350948631763458
-0.022649601101875305
-0.7646204233169556
-0.40164467692375183
-0.31159311532974243
1.5395548343658447
-0.13734422624111176
-0.7531583905220032
-0.6100035309791565
-0.24389763176441193
-0.5319159030914307
-0.6603111028671265
-0.31987351179122925
-0.8471423983573914
-0.048370711505413055
0.08299554884433746
-0.4584096074104309
-0.3889075219631195
-0.8162808418273926
-0.3321794867515564
-0.6670261025428772
-0.7744224071502686
-0.700964629650116
0.21278300881385803
-0.5623790621757507
-1.0359526872634888
-0.30984100699424744
0.6999969482421875
-0.3580351173877716
-0.34843650460243225
-0.5161482095718384
-0.2166903167963028
-0.8903277516365051
-0.34015747904777527
-0.4037151336669922
-0.5501139760017395
-0.41970181465148926
-0.5289544463157654
-0.49737992882728577
0.008297119289636612
-0.01658981665968895
-0.8606515526771545
-0.5580719709396362
-0.5160582661628723
-0.36677271127700806
-0.7363090515136719
-0.36543843150138855
-0.2788473665714264
-0.38901105523109436
-0.15211738646030426
-0.3327111005783081
-0.7902603149414062
-0.2530973553657532
