0.018228260800242424
0.02122502587735653
0.02861175686120987
0.020886030048131943
0.029473913833498955
0.04774436727166176
0.03528968617320061
0.028429467231035233
0.028470056131482124
0.04506945237517357
0.02984006330370903
0.019490519538521767
0.017088359221816063
0.02984035201370716
0.028539421036839485
0.028518037870526314
0.02013920620083809
0.02277369424700737
0.03213495388627052
0.03334760293364525
0.017759209498763084
0.04741955175995827
0.030148696154356003
0.041645489633083344
0.03781166672706604
0.04625154659152031
0.029588978737592697
0.016504129394888878
0.02692360244691372
0.030834265053272247
0.03626267611980438
0.04593710973858833
0.03161954879760742
0.026537712663412094
0.02290438301861286
0.058237358927726746
0.056463439017534256
0.04045594483613968
0.02661614492535591
0.032348427921533585
0.033926721662282944
0.08436759561300278
0.024932734668254852
0.017348289489746094
0.02236567810177803
0.021031813696026802
0.019272105768322945
0.015101581811904907
0.05614522472023964
0.039998508989810944
0.01825679838657379
0.04050857946276665
0.032031066715717316
0.022098291665315628
0.03382381424307823
0.02270372025668621
0.0253192987293005
0.01846538670361042
0.06817816197872162
0.026884563267230988
0.07272572815418243
0.021804941818118095
0.04906274378299713
0.02666272222995758
0.023014653474092484
0.013440301641821861
0.04781728610396385
0.05834563449025154
0.03315019980072975
0.047472309321165085
0.018628736957907677
0.03355885669589043
0.04525323212146759
0.03156372904777527
0.03632428124547005
0.03458871692419052
0.04758371040225029
0.03235548362135887
0.01739148609340191
0.03512144088745117
0.018528634682297707
0.0531766340136528
0.013671175576746464
0.030469384044408798
0.03782854974269867
0.016995608806610107
0.041623812168836594
0.031600113958120346
0.03290338069200516
0.016922002658247948
0.03205639123916626
0.04357593506574631
0.0351421982049942
0.024760868400335312
0.016918864101171494
0.03855345398187637
0.036356210708618164
0.0178142748773098
0.062489744275808334
0.04062184318900108
0.02585204876959324
0.02296331897377968
0.02726469561457634
0.029649827629327774
0.02072356455028057
0.04478778690099716
0.057808246463537216
0.020072611048817635
0.0397057980298996
0.058223821222782135
0.043780773878097534
0.03600754588842392
0.026018386706709862
0.035214006900787354
0.01979178749024868
0.03227348253130913
0.04933871701359749
0.016943613067269325
0.06259281188249588
0.029896065592765808
0.025510797277092934
0.01567694917321205
0.036686476320028305
0.015466793440282345
0.03193563222885132
0.028401926159858704
0.028766851872205734
0.04493925720453262
