0.2370530664920807
0.3433135449886322
0.327930212020874
0.4642200469970703
0.22330211102962494
0.2369825392961502
0.21757932007312775
0.37925854325294495
0.3139978051185608
0.2803487479686737
0.2433542162179947
0.21160461008548737
0.24777156114578247
0.24352775514125824
0.2297510802745819
0.31722110509872437
0.2725023925304413
0.6510923504829407
0.29253846406936646
0.2281285673379898
0.22786478698253632
0.4254077970981598
0.23415379226207733
0.3327866494655609
0.2631821036338806
0.21755099296569824
0.3179796040058136
0.38928425312042236
0.13865065574645996
0.2273510992527008
0.33789315819740295
0.0767364352941513
0.22534720599651337
0.2504412531852722
0.1989785134792328
0.195098415017128
0.25656336545944214
0.32526928186416626
0.2796545624732971
0.3149246275424957
0.2372886687517166
0.2532929480075836
0.19559884071350098
0.32356858253479004
0.20927222073078156
0.2332838922739029
0.23001761734485626
0.5018931031227112
0.2829923629760742
0.18852902948856354
0.3263590931892395
0.2722187936306
0.23687395453453064
0.24298600852489471
0.3624765872955322
0.2164798229932785
0.47000378370285034
0.3046962022781372
0.36754176020622253
0.26414498686790466
0.1979086548089981
0.2664414942264557
0.34482836723327637
0.20049358904361725
0.2450387179851532
0.435113787651062
0.26889774203300476
0.16320548951625824
0.3087232708930969
0.12092890590429306
0.2153031826019287
0.15919536352157593
0.29604750871658325
0.14225643873214722
0.29512742161750793
0.2706141471862793
0.20069432258605957
0.29387277364730835
0.22099372744560242
0.22431187331676483
0.2464696615934372
0.39100226759910583
0.4598653316497803
0.5416994094848633
0.2147471159696579
0.34687113761901855
0.27025458216667175
0.22294147312641144
0.36445051431655884
0.2647036015987396
0.24211867153644562
0.2491874396800995
0.16657684743404388
0.27625787258148193
0.25600114464759827
0.2151089906692505
0.33634981513023376
0.2767449915409088
0.2515791654586792
0.29884058237075806
0.2622123956680298
0.34990397095680237
0.3001382350921631
0.3907480239868164
0.3184235394001007
0.22326745092868805
0.2648822069168091
0.2109721451997757
0.20342189073562622
0.27522432804107666
0.23139987885951996
0.3479851186275482
0.2237674742937088
0.28921252489089966
0.19909967482089996
0.2923046052455902
0.32592514157295227
0.0722171738743782
0.30386587977409363
0.30412837862968445
0.38030102849006653
0.2567974030971527
0.2382287085056305
0.30568888783454895
0.265156090259552
0.15321290493011475
0.21096351742744446
0.25673919916152954
0.31482356786727905
0.27462267875671387
0.18331483006477356
0.19502349197864532
0.11164078861474991
0.22794829308986664
0.37054991722106934
0.24772730469703674
0.1999555081129074
0.3060491383075714
0.25477346777915955
0.24675790965557098
0.3027869164943695
0.19207718968391418
0.29521241784095764
0.1980445235967636
0.2135462611913681
0.1582951843738556
0.1585625410079956
0.3944412171840668
0.23517094552516937
0.39465704560279846
0.2739753723144531
0.2860943675041199
0.1856103390455246
0.2701560854911804
0.298583447933197
0.17283743619918823
0.2657673954963684
0.269626647233963
0.20277594029903412
0.18381762504577637
0.31756216287612915
0.6245519518852234
0.2631499171257019
0.3854708671569824
0.20738065242767334
0.23171274363994598
0.4170593023300171
0.2044367790222168
0.2925737202167511
0.3506120443344116
0.23052552342414856
0.24001210927963257
0.14197823405265808
0.10932324081659317
0.2756650447845459
0.3252774178981781
0.23339316248893738
0.1649549901485443
0.40262866020202637
0.2065735161304474
0.1789931207895279
0.30323898792266846
0.5658055543899536
0.3246056139469147
0.38339588046073914
0.32539722323417664
0.17719168961048126
0.2908610701560974
0.2350241094827652
0.25187477469444275
0.19680961966514587
0.2003408968448639
0.3212795853614807
0.48021960258483887
0.25431370735168457
0.2577708065509796
0.3280142545700073
0.22697843611240387
0.30444368720054626
0.22731178998947144
0.24471330642700195
0.25272101163864136
0.4136454164981842
0.25882771611213684
0.35886523127555847
0.2687537670135498
0.2115347981452942
0.20223471522331238
0.318618506193161
0.374030739068985
0.178458109498024
0.20742446184158325
0.23456653952598572
0.35662803053855896
0.2622612416744232
0.26203295588493347
0.2879631221294403
0.14618171751499176
0.18959678709506989
0.2777276933193207
0.1852005422115326
0.32395270466804504
0.27483534812927246
0.21638111770153046
0.3065968453884125
0.18447880446910858
0.3992466628551483
0.16951771080493927
0.4410878121852875
0.28123682737350464
0.27303919196128845
0.2783809006214142
0.1861129105091095
0.3589332103729248
0.19343523681163788
0.3320215940475464
0.33496078848838806
0.2654946446418762
0.27398356795310974
0.3185330033302307
0.26328611373901367
0.2458428293466568
0.20033924281597137
0.2809121310710907
0.30494141578674316
0.20500507950782776
0.2904309332370758
0.23809576034545898
0.3278009593486786
0.3483814001083374
0.4293290078639984
0.2422228753566742
0.28588590025901794
0.1863992065191269
0.29543256759643555
0.5633748173713684
0.20805880427360535
0.3743257522583008
0.2901916205883026
0.3820457458496094
0.3068735599517822
0.21007047593593597
0.27503934502601624
0.2878171503543854
0.1870393604040146
0.301513135433197
0.16611428558826447
0.2997852861881256
0.31010767817497253
0.25219327211380005
0.2419273406267166
0.1758030652999878
0.2681315839290619
0.28119054436683655
0.14950942993164062
0.2867741286754608
0.3156777024269104
0.25871777534484863
0.24367061257362366
0.1467205286026001
0.5416474342346191
0.24895885586738586
0.28312069177627563
0.2782687246799469
0.1613887995481491
0.19628283381462097
0.20341099798679352
0.236408993601799
0.2527432441711426
0.15731878578662872
0.3183539807796478
0.2841438055038452
0.16126349568367004
0.1488574594259262
0.2850058078765869
0.16249926388263702
0.3276703655719757
0.4935677945613861
0.27795037627220154
0.31777840852737427
0.17426466941833496
0.21577541530132294
0.22216938436031342
0.28206339478492737
0.4267337918281555
0.2713485062122345
0.17783606052398682
0.3066512942314148
0.22702659666538239
0.1772182583808899
0.38968217372894287
0.29229891300201416
0.48434191942214966
0.2344771921634674
0.23272500932216644
0.27401018142700195
0.2699511647224426
0.28036582469940186
0.40352219343185425
0.15009145438671112
0.33292099833488464
0.3286499083042145
0.2803346812725067
0.2308564931154251
0.17383505403995514
0.3269788324832916
0.3097474277019501
0.18076318502426147
0.23842079937458038
0.21069546043872833
0.32400283217430115
0.3345939815044403
0.22358375787734985
0.20611070096492767
0.2686648368835449
0.23595288395881653
0.3337874114513397
0.2693938612937927
0.32025614380836487
0.28948408365249634
0.18842056393623352
0.14910373091697693
0.39570361375808716
0.516671895980835
0.3406723439693451
0.18536268174648285
0.1815592646598816
0.2625634968280792
0.18552882969379425
0.22193290293216705
0.14822474122047424
0.25844186544418335
0.24577419459819794
0.26161760091781616
0.23961572349071503
0.2401721179485321
0.242331400513649
0.3463446795940399
0.2730916440486908
0.1523774266242981
0.25144121050834656
0.27604803442955017
0.17337873578071594
0.2714896500110626
0.405221551656723
0.2252490222454071
0.3676096796989441
0.3070181608200073
0.3126682937145233
0.18361283838748932
0.4329884350299835
0.2203151136636734
0.20733347535133362
0.2803250253200531
0.29839786887168884
0.2191123366355896
0.3271677494049072
0.22672128677368164
0.2749235928058624
0.305603951215744
0.45659953355789185
0.2961809039115906
0.35282325744628906
0.3235514163970947
0.42202988266944885
0.2715297341346741
0.22555366158485413
0.290283203125
0.18287868797779083
0.3994087278842926
0.28200897574424744
0.2471023052930832
0.16473788022994995
0.36542993783950806
0.4504324793815613
0.2685130834579468
0.29915788769721985
0.28250014781951904
0.24348101019859314
0.2212415337562561
0.43004363775253296
0.43415918946266174
0.19878511130809784
0.2862808108329773
0.33976778388023376
0.24443717300891876
0.2904667258262634
0.2559274435043335
0.25862419605255127
0.17015807330608368
0.1906067132949829
0.25362250208854675
0.2978266179561615
0.249818816781044
0.3776779770851135
0.22524979710578918
0.24719689786434174
0.2242598682641983
0.17319588363170624
0.2193876951932907
0.20906053483486176
0.28201478719711304
0.2897565960884094
0.28866225481033325
0.329190731048584
0.16436240077018738
0.29622936248779297
0.327888548374176
0.25354433059692383
0.27954086661338806
0.22380280494689941
0.26066961884498596
0.19369427859783173
0.2679513990879059
0.24184119701385498
0.5193285346031189
0.25017526745796204
0.3146856725215912
0.21658359467983246
0.23131375014781952
0.20267988741397858
0.1879807561635971
0.2180129736661911
0.38261815905570984
0.38709962368011475
0.235752671957016
0.355567067861557
0.2271644026041031
0.3272120952606201
0.3442261219024658
0.3153828978538513
0.19926777482032776
0.31353750824928284
0.2254076898097992
0.30482831597328186
0.26583242416381836
0.3337237238883972
0.2679484784603119
0.26700857281684875
0.2363157570362091
0.4347413182258606
0.19306111335754395
0.1995285600423813
0.20724967122077942
0.3202010989189148
0.26667851209640503
0.23046697676181793
0.23830176889896393
0.22463491559028625
0.25623297691345215
0.2836655080318451
0.4045708179473877
0.27861693501472473
0.22433309257030487
0.15910160541534424
0.1923326849937439
0.18938234448432922
0.24955075979232788
0.11400517076253891
0.3128172755241394
0.31965601444244385
0.35303348302841187
0.2998840808868408
0.21152906119823456
0.47181981801986694
0.2979074716567993
0.34720712900161743
0.28899526596069336
0.4739777743816376
0.2230122983455658
0.3629893958568573
0.40147608518600464
0.24462293088436127
0.1896585375070572
0.14600056409835815
0.187442809343338
0.27335527539253235
0.2366316169500351
0.3000863790512085
0.23589733242988586
0.26877039670944214
0.32556387782096863
0.2749376595020294
0.2848321795463562
0.22991669178009033
0.3001144826412201
0.4817553758621216
0.3073681592941284
0.3164062798023224
0.31143423914909363
0.35485103726387024
0.28589320182800293
