0.2427377849817276
0.22322925925254822
0.25108766555786133
0.22882480919361115
0.207412451505661
0.2905409038066864
0.24823248386383057
0.3102150857448578
0.27487465739250183
0.2892304062843323
0.24475328624248505
0.17592865228652954
0.24261626601219177
0.27799829840660095
0.23150604963302612
0.2631056308746338
0.338313490152359
0.278466135263443
0.25356921553611755
0.2989450991153717
0.2335321456193924
0.2812485098838806
0.3485730290412903
0.27782195806503296
0.2280339151620865
0.2546805739402771
0.30319803953170776
0.2467622309923172
0.2512190043926239
0.2972922623157501
0.25766390562057495
0.31998786330223083
0.2384660840034485
0.2713714838027954
0.2531534731388092
0.26251599192619324
0.3343730866909027
0.26263415813446045
0.1837691068649292
0.2839008867740631
0.2186756283044815
0.26655149459838867
0.28581809997558594
0.24711036682128906
0.2914572060108185
0.23315535485744476
0.26374226808547974
0.2691463530063629
0.2432480901479721
0.2384331226348877
0.23560123145580292
0.2525137960910797
0.25635355710983276
0.24507267773151398
0.25289469957351685
0.25224989652633667
0.27995553612709045
0.31650230288505554
0.23397196829319
0.26335373520851135
0.25688278675079346
0.19417640566825867
0.2621033489704132
0.22050227224826813
0.2300720065832138
0.23225300014019012
0.2810939848423004
0.18974024057388306
0.2279815375804901
0.3471828103065491
0.27168750762939453
0.31912341713905334
0.2439887523651123
0.27189454436302185
0.2781386375427246
0.22616201639175415
0.34438785910606384
0.2647840082645416
0.2725355625152588
0.28511184453964233
0.20388749241828918
0.2935105860233307
0.2742284834384918
0.2773992717266083
0.26536157727241516
0.24301432073116302
0.27213940024375916
0.27083396911621094
0.30853748321533203
0.2895270884037018
0.259586364030838
0.21470068395137787
0.31186148524284363
0.34494397044181824
0.22618092596530914
0.2813674807548523
0.23260290920734406
0.2712189555168152
0.2636898458003998
0.23231859505176544
0.3333193361759186
0.271423876285553
0.29913657903671265
0.2746709883213043
0.2515428364276886
0.23941297829151154
0.27085739374160767
0.2835722267627716
0.2865769863128662
0.2407965213060379
0.2560051679611206
0.20482967793941498
0.23941382765769958
0.28132688999176025
0.3267184793949127
0.2760525345802307
0.21226853132247925
0.27154260873794556
0.2540188431739807
0.2770940363407135
0.32089048624038696
0.19051051139831543
0.39891189336776733
0.2675780951976776
0.23566286265850067
0.21693822741508484
0.3215552270412445
0.359596848487854
0.28383755683898926
0.26483622193336487
0.27021098136901855
0.24685682356357574
0.24420073628425598
0.2552785873413086
0.2598542869091034
0.2692508101463318
0.23986832797527313
0.26999059319496155
0.20627613365650177
0.2711236774921417
0.28336194157600403
0.27807262539863586
0.25287431478500366
0.20130832493305206
0.23430868983268738
0.20818066596984863
0.3063405752182007
0.16352128982543945
0.26729926466941833
0.21972422301769257
0.2787007689476013
0.27236461639404297
0.27443963289260864
0.22872407734394073
0.29692208766937256
0.26624125242233276
0.298228919506073
0.23956118524074554
0.3039064109325409
0.23192469775676727
0.2772749364376068
0.26607322692871094
0.28980740904808044
0.24894770979881287
0.30599305033683777
0.261239618062973
0.2937312424182892
0.3045442998409271
0.2998582124710083
0.2580038011074066
0.2092650979757309
0.27136629819869995
0.29927027225494385
0.2678893804550171
0.2962958514690399
0.2753840982913971
0.25795304775238037
0.256568968296051
0.2633754014968872
0.2325448989868164
0.2441522777080536
0.29340216517448425
0.23977623879909515
0.2631490230560303
0.28505048155784607
0.2869579493999481
0.22388939559459686
0.24099303781986237
0.2675890028476715
0.2681111693382263
0.2638310194015503
0.2731739580631256
0.28116780519485474
0.2202543467283249
0.2669692039489746
0.276436448097229
0.2549756169319153
0.31604811549186707
0.2888162136077881
0.26146820187568665
0.21781453490257263
0.2484949827194214
0.2413649559020996
0.2797534167766571
0.28723210096359253
0.27672696113586426
0.25514963269233704
0.24293170869350433
0.24587863683700562
0.32879358530044556
0.3024166226387024
0.29117676615715027
0.26252463459968567
0.3019300699234009
0.26431742310523987
0.27207890152931213
0.21076270937919617
0.23675231635570526
0.22690151631832123
0.19881956279277802
0.28303003311157227
0.2569105327129364
0.23493777215480804
0.2755296528339386
0.24420639872550964
0.27169620990753174
0.2746902406215668
0.27852702140808105
0.25155314803123474
0.2226589024066925
0.278268963098526
0.24646924436092377
0.26515647768974304
0.2641235291957855
0.2960168421268463
0.2671271860599518
0.2678675651550293
0.2537127733230591
0.28471341729164124
0.2507002055644989
0.2524508833885193
0.20238375663757324
0.23107218742370605
0.26177164912223816
0.27641841769218445
0.3031032979488373
0.24516813457012177
0.2715599536895752
0.22732950747013092
0.22945214807987213
0.2611163258552551
0.23289546370506287
0.2689715325832367
0.2752590477466583
0.2736578583717346
0.2590120732784271
0.24207118153572083
0.26851147413253784
0.33917954564094543
0.3072524070739746
0.13707560300827026
0.3650105893611908
0.2980361878871918
0.24596861004829407
0.24871133267879486
0.2912474274635315
0.27035388350486755
0.2559928894042969
0.2212795615196228
0.2568742334842682
0.266119122505188
0.23672226071357727
0.2741767466068268
0.2847011387348175
0.3055019676685333
0.26706165075302124
0.28186190128326416
0.2790524363517761
0.24012090265750885
0.2549135088920593
0.22104701399803162
0.35072460770606995
0.28521135449409485
0.21622329950332642
0.28213632106781006
0.2369358241558075
0.29052290320396423
0.28264719247817993
0.23000183701515198
0.27446112036705017
0.24374379217624664
0.2522031366825104
0.24889834225177765
0.23952911794185638
0.28506001830101013
0.28868386149406433
0.26210540533065796
0.2500215172767639
0.26891690492630005
0.2427131086587906
0.3009624183177948
0.3066568374633789
0.2861058712005615
0.23874425888061523
0.24616174399852753
0.2859281003475189
0.2550252079963684
0.26302921772003174
0.24416357278823853
0.21454393863677979
0.28976356983184814
0.22823208570480347
0.2326761782169342
0.22421488165855408
0.27375778555870056
0.24848204851150513
0.23786936700344086
0.3057871162891388
0.2797791361808777
0.27610620856285095
0.22515174746513367
0.2866247594356537
0.26600632071495056
0.32503455877304077
0.2612147629261017
0.27671828866004944
0.3205413222312927
0.29324498772621155
0.31832554936408997
0.29388174414634705
0.310258150100708
0.25529900193214417
0.2980731129646301
0.36674565076828003
0.3086386024951935
0.22538453340530396
0.23518241941928864
0.2347860038280487
0.25546929240226746
0.2597048580646515
0.23687440156936646
0.3017471134662628
0.27759692072868347
0.2728266716003418
0.3174453675746918
0.27854880690574646
0.2721215784549713
0.2637065351009369
0.2702002227306366
0.36331474781036377
0.2868964672088623
0.26753711700439453
0.34045904874801636
0.2586972415447235
0.2731868326663971
0.27467072010040283
0.28213730454444885
0.27503183484077454
0.262961745262146
0.20182529091835022
0.23575939238071442
0.3034360706806183
0.31553417444229126
0.30128011107444763
0.27748623490333557
0.2510894536972046
0.29448220133781433
0.160481795668602
0.2825148105621338
0.2964177131652832
0.2193566858768463
0.20608501136302948
0.233200341463089
0.23476436734199524
0.2663151025772095
0.25426870584487915
0.29266586899757385
0.22148922085762024
0.2521013915538788
0.282715380191803
0.19932590425014496
0.24531561136245728
0.2597242295742035
0.2653646767139435
0.27567464113235474
0.264962375164032
0.24440732598304749
0.2949047386646271
0.23078469932079315
0.3070801794528961
0.19039133191108704
0.30241525173187256
0.2786322832107544
0.3659394085407257
0.2966245114803314
0.27456215023994446
0.24493826925754547
0.22014859318733215
0.2563529908657074
0.2852684557437897
0.2391657531261444
0.24572668969631195
0.2466692477464676
0.23741833865642548
0.26636528968811035
0.24596679210662842
0.31818750500679016
0.1793433278799057
0.2378755807876587
0.25958171486854553
0.2847203016281128
0.24521668255329132
0.19741536676883698
0.2387872338294983
0.29485106468200684
0.2878848910331726
0.278604656457901
0.27646422386169434
0.3296095132827759
0.2530117928981781
0.26897743344306946
0.2547309696674347
0.2333378791809082
0.2348266839981079
0.2689668536186218
0.27177053689956665
0.2678896486759186
0.2515605688095093
0.27104103565216064
0.2366291731595993
0.2601490914821625
0.27643126249313354
0.2879927456378937
0.20076747238636017
0.26367104053497314
0.22632424533367157
0.25105714797973633
0.2604474127292633
0.2805250883102417
0.2988886833190918
0.29653728008270264
0.25969159603118896
0.2767331004142761
0.25525790452957153
0.29589542746543884
0.25121331214904785
0.2925141453742981
0.30083587765693665
0.24228088557720184
0.23938746750354767
0.2708261013031006
0.37044161558151245
0.28792834281921387
0.2532275319099426
0.22484420239925385
0.20228928327560425
0.2279217541217804
0.2365831881761551
0.3082018792629242
0.297956258058548
0.29090869426727295
0.2777484059333801
0.42930740118026733
0.26580020785331726
0.2940448522567749
0.2417936772108078
0.28164589405059814
0.3246918022632599
0.2646622657775879
0.22160889208316803
0.275779664516449
0.24212546646595
0.2077750414609909
0.23323534429073334
0.227065771818161
0.26111701130867004
0.3650406301021576
0.2016526460647583
0.25976887345314026
0.21595920622348785
0.2641156315803528
0.14077100157737732
0.2664222717285156
0.250156044960022
0.2552991509437561
0.22269883751869202
0.24169684946537018
0.26963120698928833
0.2388179451227188
0.28329700231552124
0.23332154750823975
0.26667577028274536
0.22242745757102966
0.2691189646720886
0.2709810733795166
0.2458624690771103
0.2673642635345459
0.24296197295188904
0.25934502482414246
0.1851157248020172
0.29500648379325867
0.36639755964279175
0.22117653489112854
0.30259543657302856
0.1840275377035141
0.3443385362625122
0.2139921635389328
0.37165534496307373
0.23600196838378906
0.30805379152297974
0.2638474106788635
0.2233179807662964
