-0.14032778143882751
-0.08894531428813934
-0.41469085216522217
-0.22640489041805267
-0.07373473793268204
-0.35344964265823364
-0.33790692687034607
-0.07521196454763412
-0.1791229397058487
0.044825587421655655
-0.28419286012649536
-0.17645509541034698
-0.1590667963027954
-0.06754463911056519
-0.15427032113075256
-0.10609995573759079
-0.23343884944915771
-0.09812825173139572
-0.090774305164814
-0.05666510388255119
-0.19082847237586975
-0.2054731547832489
-0.2704182267189026
-0.18826381862163544
-0.3569571375846863
-0.11252353340387344
-0.1631610095500946
-0.02107740193605423
-0.16874539852142334
-0.21243277192115784
-0.1713196188211441
-0.08719255775213242
-0.21935859322547913
-0.18875941634178162
-0.2954147160053253
-0.4570193886756897
-0.022601043805480003
-0.05266347900032997
0.04055440053343773
-0.060934439301490784
-0.04557750001549721
-0.11763712018728256
-0.014481008984148502
0.03181774169206619
-0.20458100736141205
-0.09533596783876419
-0.04964645951986313
-0.10511654615402222
-0.07930891215801239
-0.19327427446842194
-0.146744042634964
-0.3214751183986664
-0.325698584318161
-0.22870062291622162
-0.035579703748226166
-0.18688496947288513
-0.19317492842674255
-0.07706795632839203
0.2767658829689026
-0.06563185155391693
-0.08950278162956238
-0.2548081576824188
-0.23653250932693481
0.0021410684566944838
-0.09865154325962067
-0.3177848160266876
0.16127146780490875
0.0005583023885264993
-0.23471054434776306
-0.4149528741836548
-0.13103705644607544
-0.31417617201805115
-0.258199006319046
-0.5399538278579712
0.07723791152238846
-0.2545713782310486
-0.44543561339378357
-0.0261793602257967
-0.09366711974143982
-0.2201145589351654
-0.2043582946062088
-0.015543525107204914
-0.08931884169578552
-0.21665489673614502
0.11115826666355133
-0.06188283860683441
-0.12169912457466125
-0.1593100130558014
-0.1317058503627777
-0.1716911941766739
-0.3729228079319
-0.33535176515579224
-0.3414182960987091
0.03578251227736473
-0.20671892166137695
-0.10873518884181976
0.014147885143756866
-0.03381810337305069
-0.21288447082042694
-0.11221190541982651
-0.1626647263765335
-0.19995518028736115
0.0907740592956543
-0.004112984985113144
-0.1313483566045761
-0.2941891849040985
0.01602821797132492
-0.10647212713956833
-0.12888289988040924
-0.16993896663188934
-0.17212778329849243
-0.18088926374912262
-0.2294670194387436
-0.361107736825943
-0.1746026873588562
-0.35395190119743347
-0.15543240308761597
-0.27085497975349426
-0.2607114017009735
0.00843286793678999
-0.03106270730495453
-0.0022307063918560743
-0.08313872665166855
0.038030561059713364
-0.4892505705356598
-0.27491626143455505
0.12451780587434769
-0.12715449929237366
