-0.6163040399551392
-0.7109545469284058
-0.45440205931663513
-0.614254891872406
-0.7874937653541565
-0.5288928747177124
-0.6214326620101929
-0.5824207067489624
-0.4066518545150757
-0.5256265997886658
-0.5124984979629517
-0.5337224006652832
-0.5657898187637329
-0.684482753276825
-0.5146492123603821
-0.6323070526123047
-0.539149820804596
-0.6837864518165588
-0.6577449440956116
-0.4716346263885498
-0.5249320268630981
-0.4058842957019806
-0.602798342704773
-0.524638831615448
-0.891306459903717
-0.6528379321098328
-0.5048057436943054
-0.5008399486541748
-0.506658136844635
-0.5972849726676941
-0.5524459481239319
-0.638254702091217
-0.6781615614891052
-0.7262617349624634
-0.5724606513977051
-0.6455927491188049
-0.7138437628746033
-0.6145774722099304
-0.534616231918335
-0.5176993608474731
-0.4592621922492981
-0.6618131399154663
-0.5112627744674683
-0.5810293555259705
-0.624362051486969
-0.5530850887298584
-0.5563082695007324
-0.5481263399124146
-0.6089078187942505
-0.4625839591026306
-0.7310585379600525
-0.6631770133972168
-0.6316388249397278
-0.7380784749984741
-0.6136887073516846
-0.6237035989761353
-0.49644899368286133
-0.4489089250564575
-0.6427521705627441
-0.5968253016471863
-0.5530370473861694
-0.3821752965450287
-0.6109501123428345
-0.45302945375442505
-0.4679316282272339
-0.522124171257019
-0.6355630159378052
-0.4860593378543854
-0.7772056460380554
-0.5096349120140076
-0.578226625919342
-0.70538729429245
-0.6667340397834778
-0.6244295239448547
-0.7291901707649231
-0.7311161756515503
-0.6556829810142517
-0.6871497631072998
-0.6766918301582336
-0.5566859841346741
-0.6058933734893799
-0.6679936647415161
-0.7161709070205688
-0.6105169653892517
-0.5778464674949646
-0.6501390933990479
-0.6247926950454712
-1.0751391649246216
-0.6763702630996704
-0.7277249693870544
-0.5838362574577332
-0.5171916484832764
-0.6578301787376404
-0.6765368580818176
-0.7827557921409607
-0.5213140249252319
-0.5852041840553284
-0.6051338911056519
-0.6173847913742065
-0.6495296359062195
-0.7123271822929382
-0.6939851641654968
-0.553192675113678
-0.6595395803451538
-0.5405990481376648
-0.7931105494499207
-0.5718178749084473
-0.5847464203834534
-0.6132274270057678
-0.6934512853622437
-0.6868472099304199
-0.66943359375
-0.532752275466919
-0.6436064839363098
-0.6819837689399719
1.0943045616149902
-0.7217944264411926
-0.5527140498161316
-0.6364163756370544
-0.7036086916923523
-0.49538400769233704
-0.724162757396698
-0.5977131128311157
-0.4918314814567566
-0.6129869818687439
-0.5661584734916687
-0.560591459274292
-0.5215960144996643
-0.6228980422019958
-0.6632218956947327
-0.6877986192703247
-0.5283952951431274
-0.6767457723617554
-0.6876518130302429
-0.49088141322135925
-0.5646377205848694
-0.5311557054519653
-0.5946343541145325
-0.476138174533844
-0.4789726436138153
-0.4376749098300934
-0.5075418949127197
-0.7755004167556763
-0.6303039193153381
-0.713767945766449
-0.6351277828216553
-0.4866552948951721
-0.694943904876709
-0.5840556621551514
-0.5315430164337158
-0.7749500274658203
-0.41434213519096375
-0.6275455951690674
-0.7366239428520203
-0.43324801325798035
-0.5265151262283325
-0.5595850944519043
-0.7053744196891785
-0.5708164572715759
-0.6827859878540039
-0.5688872933387756
-0.6370495557785034
-0.6888298392295837
-0.6579533219337463
-0.7045052647590637
-0.5881146192550659
-0.5664329528808594
-0.7268060445785522
-0.4532581567764282
-0.5892143845558167
-0.37594956159591675
-0.5605852007865906
-0.41961008310317993
-0.6223403811454773
-0.5858249068260193
-0.6232975721359253
-0.5598631501197815
-0.6125625371932983
-0.6091625094413757
-0.5808476805686951
-0.6015508770942688
-0.678777813911438
-0.6250615119934082
-0.5952920913696289
-0.6110508441925049
-0.5538955926895142
-0.67344731092453
-0.7272407412528992
-0.6096551418304443
-0.5319320559501648
-0.6153663992881775
-0.661622941493988
-0.5250506401062012
-0.720417320728302
-0.5141326189041138
-0.5326662063598633
0.4232565462589264
-0.5529481768608093
-0.5241747498512268
-0.6593458652496338
-0.45114925503730774
-0.6349247694015503
-0.3456105589866638
-0.6630904078483582
-0.5919559597969055
-0.5972521305084229
-0.6211175918579102
-0.7119544744491577
-0.6313638687133789
-0.5039585828781128
-0.6515978574752808
-0.6549619436264038
-0.7142193913459778
-0.5807663798332214
-0.6788563132286072
-0.6201038956642151
-0.40614134073257446
-0.5924767255783081
-0.5558075308799744
-0.5571228861808777
-0.48890820145606995
-0.5364693403244019
-0.5811873078346252
-0.4340321719646454
-0.6514907479286194
-0.7659277319908142
-0.725812554359436
-0.6002973914146423
-0.5486444234848022
-0.5735704302787781
-0.6738820672035217
-0.7918025851249695
-0.7039809823036194
-0.7295870780944824
-0.5405158996582031
-0.7657865881919861
-0.7978693246841431
-0.43402883410453796
-0.49511775374412537
-0.6078387498855591
-0.5947474241256714
-0.4997074604034424
-0.6276903748512268
-0.7792245745658875
-0.5649062991142273
-0.5367981195449829
-0.548709511756897
-0.44843167066574097
-0.5827219486236572
-0.6599505543708801
-0.6217318773269653
-0.48142796754837036
-0.5351475477218628
-0.7169825434684753
-0.6168038249015808
-0.5111151337623596
-0.5243076682090759
-0.5334649682044983
-0.5806586742401123
-0.5547202229499817
-0.6503226161003113
-0.4586603045463562
-0.5208702683448792
-0.6061803102493286
-0.6172500252723694
-0.551609456539154
-0.6006153225898743
-0.623892068862915
-0.5478262901306152
-0.41629597544670105
-0.40063440799713135
-0.6529031991958618
-0.6296007633209229
-0.628480076789856
-0.6953893303871155
-0.696171224117279
-0.6199665665626526
-0.6101219058036804
-0.7406376600265503
-0.5545271635055542
-0.6118203401565552
-0.4560716450214386
-0.7018858194351196
-0.4927712380886078
-0.6740540862083435
-0.5356256365776062
-0.5084332227706909
-0.5760405659675598
-0.7813851237297058
-0.6066882014274597
-0.5648608207702637
-0.7066674828529358
-0.5240166783332825
-0.5461313128471375
-0.6110090017318726
-0.4931076467037201
-0.5835551023483276
-0.5621984601020813
-0.6458795070648193
-0.6307805776596069
-0.9025018811225891
-0.7853912115097046
-0.5652730464935303
-0.7292841076850891
-0.5926012396812439
-0.5591853857040405
-0.744047224521637
-0.748235821723938
-0.6664298176765442
-0.7047762274742126
-0.7439409494400024
-0.587820827960968
-0.802786648273468
-0.6192169189453125
-0.4615558981895447
-0.5854905247688293
-0.6741500496864319
-0.7887630462646484
-0.6650888919830322
-0.36826857924461365
-0.613432765007019
-0.484249085187912
-0.36822742223739624
-0.65362548828125
-0.7631353735923767
-0.6091992259025574
-0.4839143455028534
-0.6506563425064087
-0.39051368832588196
-0.6862407326698303
-0.44012197852134705
-0.6525242328643799
-0.5655674934387207
-0.6716974377632141
-0.7420928478240967
-0.7228707671165466
-0.4674011468887329
-0.5751186609268188
-0.5510603785514832
-0.5585879683494568
-0.5558317303657532
-0.49557584524154663
-0.7403040528297424
-0.6854866147041321
-0.34863990545272827
-0.6537140011787415
-0.48440974950790405
-0.6348927021026611
-0.5598220229148865
-0.5947511196136475
-0.48115551471710205
-0.5333601832389832
-0.5976172685623169
-0.6261486411094666
-0.6772298812866211
-0.7515655159950256
-0.5493155121803284
-0.3515515625476837
-0.5009013414382935
-0.687210738658905
-0.5960259437561035
-0.7014553546905518
-0.701848566532135
-0.6167250275611877
-0.6466796398162842
-0.6626184582710266
-0.6280207633972168
-0.5683397054672241
-0.43761077523231506
-0.5755396485328674
-0.4337101876735687
-0.7239700555801392
-0.6437543034553528
-0.7461848855018616
-0.5832111239433289
-0.43460342288017273
-0.4831432104110718
-0.7087121605873108
-0.6291894316673279
-0.574824869632721
-0.6451582312583923
-0.6257281303405762
-0.5395914316177368
-0.6185906529426575
-0.6351945400238037
-0.8040030598640442
-0.6862855553627014
-0.5090293288230896
-0.5783204436302185
-0.46352243423461914
-0.662570595741272
-0.6056715846061707
-0.5455095767974854
-0.6903272271156311
-0.42556604743003845
-0.6280133724212646
-0.6004663109779358
-0.625440776348114
-0.6561355590820312
-0.631089985370636
0.06998612731695175
-0.5386255979537964
-0.6302970051765442
-0.6126239895820618
-0.5625144839286804
-0.7177457213401794
-0.7149684429168701
-0.44351890683174133
-0.5034018158912659
-0.4601178467273712
-0.7134332060813904
-0.6044554114341736
-0.6174522638320923
-0.13114573061466217
-0.46061044931411743
-0.5278552770614624
-0.47030356526374817
-0.6170289516448975
-0.5399484634399414
-0.6533446907997131
-0.48933693766593933
-0.6053712368011475
-0.5827562212944031
-0.4321199357509613
-0.558990478515625
-0.6120796799659729
-0.4322173297405243
-0.5652271509170532
-0.5552334785461426
-0.5526953935623169
-0.7014085054397583
-0.830657958984375
-0.7236459255218506
-0.5809124112129211
-0.5888856053352356
-0.30873391032218933
-0.5080602169036865
-0.6251202821731567
-0.5051653981208801
-0.5976855158805847
-0.482369601726532
-0.581055223941803
-0.5692110061645508
-0.5515782237052917
-0.7364891171455383
-0.5497531890869141
-0.632732093334198
-0.5068804621696472
-0.7375905513763428
-0.6093417406082153
-0.4489108622074127
-0.414975643157959
-0.8243865370750427
-0.6467076539993286
-0.6520885229110718
-0.7902525663375854
-0.5505887269973755
-0.5928431153297424
-0.561587393283844
-0.5243866443634033
-0.7686503529548645
-0.446418434381485
-0.575645923614502
-0.6635034084320068
-0.8333240151405334
-0.5848736763000488
-0.6491962671279907
-0.674701452255249
-0.5918400883674622
-0.7004421949386597
-0.5708852410316467
-0.6782343983650208
-0.5676853060722351
-0.527412474155426
-0.6032208204269409
-0.7328512072563171
-0.7639333009719849
-0.7142339944839478
-0.5434005856513977
-0.5953750014305115
-0.36672234535217285
-0.8357454538345337
-0.5957968831062317
-0.552825391292572
-0.7044692635536194
-0.730475902557373
-0.583419144153595
-0.6888025999069214
-0.629494845867157
-0.4670727252960205
-0.4950029253959656
-0.3885630965232849
-0.7052461504936218
-0.7428460717201233
-0.439654141664505
-0.6197061538696289
-0.6043986678123474
-0.721261203289032
-0.772576093673706
-0.5705277323722839
-0.5342922806739807
-0.6056207418441772
-0.5059452652931213
-0.7181374430656433
-0.6811562776565552
-0.6400361657142639
-0.6279765367507935
-0.6754968166351318
-0.6645346283912659
-0.6709199547767639
-0.6786712408065796
-0.7700068950653076
