0.24962443113327026
0.21977882087230682
0.27561601996421814
0.6072894334793091
0.26540642976760864
0.2942185699939728
0.11362951248884201
0.4424615800380707
0.2868281304836273
0.29739251732826233
0.2505926489830017
0.4103395938873291
0.4854508340358734
0.33827242255210876
0.46696287393569946
0.17724786698818207
0.21708543598651886
0.5025082230567932
0.22633667290210724
0.36666014790534973
0.48673513531684875
0.45863083004951477
0.46523770689964294
0.21996845304965973
0.15104658901691437
0.27614837884902954
0.381325900554657
0.2803453505039215
0.23817823827266693
0.3953358232975006
0.3032100200653076
0.31632736325263977
0.2024710327386856
0.23227669298648834
0.20027579367160797
0.16610099375247955
0.4689732491970062
0.3476412892341614
0.34138253331184387
0.22736075520515442
0.24853356182575226
0.23555605113506317
0.2726287841796875
0.4656645357608795
0.34294527769088745
0.2464682012796402
0.46743452548980713
0.2811928391456604
0.6240866780281067
0.41518667340278625
0.3402816951274872
0.4217768907546997
0.11519239097833633
0.2984590232372284
0.5802252888679504
0.27954381704330444
0.4705716371536255
0.45171061158180237
0.43028098344802856
0.2748652398586273
0.3426879644393921
0.11366502195596695
0.5068848729133606
0.43700093030929565
